,compound unit,context,segmented,split units,the unit is split,compound unit form,unexpected segmentation,unexpected joining
0,各般,すぐれた安定、効率的な担い手、これをどうしても早急につくり上げなくちゃならない。そのために各般の施策を講ずるということで、ほかにも今度の国内対策では、農地の流動化,"['すぐれ', 'た', '安定', '、', '効率', '的', 'な', '担い手', '、', 'これ', 'を', 'どうしても', '早急', 'に', 'つくり上げ', 'なく', 'ちゃ', 'なら', 'ない', '。', 'その', 'ため', 'に', '各般', 'の', '施策', 'を', '講ずる', 'という', 'こと', 'で', '、', 'ほか', 'に', 'も', '今度', 'の', '国内', '対策', 'で', 'は', '、', '農地', 'の', '流動', '化']",['各般'],NO,各般,NO,NO
1,各般,断行することによって、我が国の事業環境の魅力を高め、地域産業の発展が図られるよう各般の施策に取り組んでいく所存でございます。○坂上分科員期待をいたしておりますが、願わく,"['断行', 'する', 'こと', 'によって', '、', '我が国', 'の', '事業', '環境', 'の', '魅力', 'を', '高め', '、', '地域', '産業', 'の', '発展', 'が', '図ら', 'れる', 'よう', '各般', 'の', '施策', 'に', '取り組ん', 'で', 'いく', '所存', 'で', 'ござい', 'ます', '。', '○', '坂上', '分科', '員', '期待', 'を', 'いたし', 'て', 'おり', 'ます', 'が', '、', '願', 'わく']",['各般'],NO,各般,NO,NO
2,各般,の遺産を特定の相続人に単独で相続により承継させようとする遺言は、前記の各般の事情を配慮してこの被相続人の意思として当然あり得る合理的な遺産の分割の方法を,"['の', '遺産', 'を', '特定', 'の', '相続', '人', 'に', '単独', 'で', '相続', 'により', '承継', 'さ', 'せよ', 'う', 'と', 'する', '遺言', 'は', '、', '前記', 'の', '各般', 'の', '事情', 'を', '配慮', 'し', 'て', 'この', '被', '相続', '人', 'の', '意思', 'として', '当然', 'あり', '得る', '合理', '的', 'な', '遺産', 'の', '分割', 'の', '方法', 'を']",['各般'],NO,各般,NO,NO
3,各般,職場における指導強化，各種相談事業の推進，補導活動の充実強化，住民の地域活動の促進等非行防止のための各般の活動を集中的に実施している。また，昭和六十一年度は，昨年に引き続き「目で,"['職場', 'における', '指導', '強化', '，', '各種', '相談', '事業', 'の', '推進', '，', '補導', '活動', 'の', '充実', '強化', '，', '住民', 'の', '地域', '活動', 'の', '促進', '等', '非行', '防止', 'の', 'ため', 'の', '各般', 'の', '活動', 'を', '集中', '的', 'に', '実施', 'し', 'て', 'いる', '。', 'また', '，', '昭和', '六', '十', '一', '年度', 'は', '，', '昨年', 'に', '引き続き', '「', '目', 'で']",['各般'],NO,各般,NO,NO
4,各般,ては、政府系金融機関からの低利融資、債務保証など、新たな事業展開を図ろうとする事業者に対する各般の支援措置を用意してございます。○坂上分科員少し具体的に聞きますが、特別償却制度はわかり,"['て', 'は', '、', '政府', '系', '金融', '機関', 'から', 'の', '低利', '融資', '、', '債務', '保証', 'など', '、', '新た', 'な', '事業', '展開', 'を', '図ろ', 'う', 'と', 'する', '事業', '者', 'に対する', '各般', 'の', '支援', '措置', 'を', '用意', 'し', 'て', 'ござい', 'ます', '。', '○', '坂上', '分科', '員', '少し', '具体', '的', 'に', '聞き', 'ます', 'が', '、', '特別', '償却', '制度', 'は', 'わかり']",['各般'],NO,各般,NO,NO
5,各般,進める旨が明らかにされた。運輸省としては，変更改善計画，緊急提言等を踏まえ，各般の緊急対策を鋭意推進しているが，効率的な経営形態の確立等の抜本的対策についても基本的には，,"['進める', '旨', 'が', '明らか', 'に', 'さ', 'れ', 'た', '。', '運輸省', 'として', 'は', '，', '変更', '改善', '計画', '，', '緊急', '提言', '等', 'を', '踏まえ', '，', '各般', 'の', '緊急', '対策', 'を', '鋭意', '推進', 'し', 'て', 'いる', 'が', '，', '効率', '的', 'な', '経営', '形態', 'の', '確立', '等', 'の', '抜本', '的', '対策', 'について', 'も', '基本', '的', 'に', 'は', '，']",['各般'],NO,各般,NO,NO
6,各般,確保，道路交通秩序の維持，救助・救急体制の整備，損害賠償の適正化，交通安全に関する科学技術の振興等の各般の交通安全対策の推進を図っており，こうした交通安全対策を通して交通事故の増加傾向に歯止め,"['確保', '，', '道路', '交通', '秩序', 'の', '維持', '，', '救助', '・', '救急', '体制', 'の', '整備', '，', '損害', '賠償', 'の', '適正', '化', '，', '交通', '安全', 'に関する', '科学', '技術', 'の', '振興', '等', 'の', '各般', 'の', '交通', '安全', '対策', 'の', '推進', 'を', '図っ', 'て', 'おり', '，', 'こうした', '交通', '安全', '対策', 'を通して', '交通', '事故', 'の', '増加', '傾向', 'に', '歯止め']",['各般'],NO,各般,NO,NO
7,各般,までに１万人以下とし，さらに，十二年までに九千人以下とすることを目標とし，各般の交通安全対策を鋭意推進した結果，交通事故による死者数は８年に九千九百四十二人と１万人を切り，十一年,"['まで', 'に', '１', '万', '人', '以下', 'と', 'し', '，', 'さらに', '，', '十', '二', '年', 'まで', 'に', '九', '千', '人', '以下', 'と', 'する', 'こと', 'を', '目標', 'と', 'し', '，', '各般', 'の', '交通', '安全', '対策', 'を', '鋭意', '推進', 'し', 'た', '結果', '，', '交通', '事故', 'による', '死者', '数', 'は', '８', '年', 'に', '九', '千', '九', '百', '四', '十', '二', '人', 'と', '１', '万', '人', 'を', '切り', '，', '十', '一', '年']",['各般'],NO,各般,NO,NO
8,各般,、健やかに新年をお迎えのこととお慶び申しあげます。日頃は、市政並びに区政の各般にわたり格別のご支援・ご協力をいただき誠にありがとうございます。さて、当区庁舎は建物の,"['、', '健やか', 'に', '新年', 'を', 'お迎え', 'の', 'こと', 'と', 'お', '慶び', '申しあげ', 'ます', '。', '日頃', 'は', '、', '市政', '並びに', '区', '政', 'の', '各般', 'にわたり', '格別', 'の', 'ご', '支援', '・', 'ご', '協力', 'を', 'いただき', '誠に', 'ありがとう', 'ござい', 'ます', '。', 'さて', '、', '当', '区', '庁舎', 'は', '建物', 'の']",['各般'],NO,各般,NO,NO
9,各般,措置を講ずることを初めといたしまして、その公正性、透明性をより一層高めるための各般の工夫を講じてまいりたいと思っております。○藤田（幸）委員ありがとうござい,"['措置', 'を', '講ずる', 'こと', 'を', '初め', 'と', 'いたし', 'まし', 'て', '、', 'その', '公正', '性', '、', '透明', '性', 'を', 'より', '一層', '高める', 'ため', 'の', '各般', 'の', '工夫', 'を', '講じ', 'て', 'まいり', 'たい', 'と', '思っ', 'て', 'おり', 'ます', '。', '○', '藤田', '（', '幸', '）', '委員', 'ありがとう', 'ござい']",['各般'],NO,各般,NO,NO
10,各般,整備、あるいは共同化や製造業、卸産業とのネットワークづくり、また、個々の商店の魅力アップ等の各般の取り組みに対して、補助だとか高度化無利子融資、低利融資等の支援を実施してまいりました。,"['整備', '、', 'あるいは', '共同', '化', 'や', '製造', '業', '、', '卸', '産業', 'と', 'の', 'ネットワーク', 'づくり', '、', 'また', '、', '個々', 'の', '商店', 'の', '魅力', 'アップ', '等', 'の', '各般', 'の', '取り組み', 'に対して', '、', '補助', 'だ', 'とか', '高度', '化', '無', '利子', '融資', '、', '低利', '融資', '等', 'の', '支援', 'を', '実施', 'し', 'て', 'まいり', 'まし', 'た', '。']",['各般'],NO,各般,NO,NO
11,各般,については，以上のような認識の下に，科学技術会議，航空・電子等技術審議会等の答申に沿って各般の物資・材料系科学技術施策が進められている。科学技術会議においては，諮問第十一号「新たな情勢変化に対応し,"['について', 'は', '，', '以上', 'の', 'よう', 'な', '認識', 'の', '下', 'に', '，', '科学', '技術', '会議', '，', '航空', '・', '電子', '等', '技術', '審議', '会', '等', 'の', '答申', 'に', '沿っ', 'て', '各般', 'の', '物資', '・', '材料', '系', '科学', '技術', '施策', 'が', '進め', 'られ', 'て', 'いる', '。', '科学', '技術', '会議', 'において', 'は', '，', '諮問', '第', '十', '一', '号', '「', '新た', 'な', '情勢', '変化', 'に', '対応', 'し']",['各般'],NO,各般,NO,NO
12,各般,重ねての御意見でございますが、私どもとしては、国内対策につきましては、各般の方面、まあ当然与党等の各般の御意見等も十二分にちょうだいいたしまして、また背くん,"['重ね', 'て', 'の', '御', '意見', 'で', 'ござい', 'ます', 'が', '、', '私', 'ども', 'として', 'は', '、', '国内', '対策', 'に', 'つき', 'まし', 'て', 'は', '、', '各般', 'の', '方面', '、', 'まあ', '当然', '与党', '等', 'の', '各般', 'の', '御', '意見', '等', 'も', '十', '二', '分', 'に', 'ちょうだい', 'いたし', 'まし', 'て', '、', 'また', '背く', 'ん']",['各般'],NO,各般,NO,NO
13,各般,重ねての御意見でございますが、私どもとしては、国内対策につきましては、各般の方面、まあ当然与党等の各般の御意見等も十二分にちょうだいいたしまして、また背くん,"['重ね', 'て', 'の', '御', '意見', 'で', 'ござい', 'ます', 'が', '、', '私', 'ども', 'として', 'は', '、', '国内', '対策', 'に', 'つき', 'まし', 'て', 'は', '、', '各般', 'の', '方面', '、', 'まあ', '当然', '与党', '等', 'の', '各般', 'の', '御', '意見', '等', 'も', '十', '二', '分', 'に', 'ちょうだい', 'いたし', 'まし', 'て', '、', 'また', '背く', 'ん']",['各般'],NO,各般,NO,NO
14,各般,した厳しい経営環境に対して、政府では従来から、意欲ある中小小売業者が円滑に対応できるよう各般の中小小売商業対策を推進してきているところであります。具体的には、大企業との連携、これ,"['し', 'た', '厳しい', '経営', '環境', 'に対して', '、', '政府', 'で', 'は', '従来', 'から', '、', '意欲', 'ある', '中小', '小売', '業者', 'が', '円滑', 'に', '対応', 'できる', 'よう', '各般', 'の', '中小', '小売', '商業', '対策', 'を', '推進', 'し', 'て', 'き', 'て', 'いる', 'ところ', 'で', 'あり', 'ます', '。', '具体', '的', 'に', 'は', '、', '大', '企業', 'と', 'の', '連携', '、', 'これ']",['各般'],NO,各般,NO,NO
15,各般,財政支出と名目ＧＮＰ（インフレ期待の鎮静化）五十四〜五十五年のマネーサプライの増加率の低下は，各般の物価対策の推進や後に述べる弾力的な賃金決定とあいまって，インフレ期待の高まりを抑え,"['財政', '支出', 'と', '名目', 'ＧＮＰ', '（', 'インフレ', '期待', 'の', '鎮静', '化', '）', '五', '十', '四', '〜', '五', '十', '五', '年', 'の', 'マネーサプライ', 'の', '増加', '率', 'の', '低下', 'は', '，', '各般', 'の', '物価', '対策', 'の', '推進', 'や', '後', 'に', '述べる', '弾力', '的', 'な', '賃金', '決定', 'と', 'あいまっ', 'て', '，', 'インフレ', '期待', 'の', '高まり', 'を', '抑え']",['各般'],NO,各般,NO,NO
16,各般,ここに存す。この新秩序の建設は日満支三国相携え、政治、経済、文化など各般にわたり互助連環の関係を樹立するをもって根幹とし、東亜における国際正義の確立、共同防共,"['ここ', 'に', '存す', '。', 'この', '新', '秩序', 'の', '建設', 'は', '日', '満', '支三', '国', '相', '携え', '、', '政治', '、', '経済', '、', '文化', 'など', '各般', 'にわたり', '互助', '連環', 'の', '関係', 'を', '樹立', 'する', 'をもって', '根幹', 'と', 'し', '、', '東亜', 'における', '国際', '正義', 'の', '確立', '、', '共同', '防共']",['各般'],NO,各般,NO,NO
17,各般,。一方，支出は五千九百二十七億円となっており，このうち事業支出は，要員規模の適正化，各般にわたる経費の節減等に努めているものの，前年度に比べ３億円増加し三千三百七十八億円となった。なお,"['。', '一方', '，', '支出', 'は', '五', '千', '九', '百', '二', '十', '七', '億', '円', 'と', 'なっ', 'て', 'おり', '，', 'この', 'うち', '事業', '支出', 'は', '，', '要員', '規模', 'の', '適正', '化', '，', '各般', 'にわたる', '経費', 'の', '節減', '等', 'に', '努め', 'て', 'いる', 'ものの', '，', '前年度', 'に', '比べ', '３', '億', '円', '増加', 'し', '三', '千', '三', '百', '七', '十', '八', '億', '円', 'と', 'なっ', 'た', '。', 'なお']",['各般'],NO,各般,NO,NO
18,各般,ことも大変重要なことであろうと考えております。各省との連携のもとに、各般のそういった健全育成のための諸施策を進めているところでございます。○東（,"['こと', 'も', '大変', '重要', 'な', 'こと', 'で', 'あろ', 'う', 'と', '考え', 'て', 'おり', 'ます', '。', '各省', 'と', 'の', '連携', 'の', 'もと', 'に', '、', '各般', 'の', 'そういった', '健全', '育成', 'の', 'ため', 'の', '諸', '施策', 'を', '進め', 'て', 'いる', 'ところ', 'で', 'ござい', 'ます', '。', '○', '東', '（']",['各般'],NO,各般,NO,NO
19,各般,の提供を行った。（８）国民生活センター国民生活センターでは，国民生活の改善に関する各般の情報を，関係省庁，地方公共団体の協力を得てテレビ（マイライフ’八十四），ラジオ,"['の', '提供', 'を', '行っ', 'た', '。', '（', '８', '）', '国民', '生活', 'センター', '国民', '生活', 'センター', 'で', 'は', '，', '国民', '生活', 'の', '改善', 'に関する', '各般', 'の', '情報', 'を', '，', '関係', '省庁', '，', '地方', '公共', '団体', 'の', '協力', 'を', '得', 'て', 'テレビ', '（', 'マイ', 'ライフ', '’', '八', '十', '四', '）', '，', 'ラジオ']",['各般'],NO,各般,NO,NO
20,各般,、国民生活の安全の確保に向けて消防がその使命を十分に果たすことができるよう、各般の施策を強力に展開していくことが強く求められているのである。具体的には、地域,"['、', '国民', '生活', 'の', '安全', 'の', '確保', 'に', '向け', 'て', '消防', 'が', 'その', '使命', 'を', '十分', 'に', '果たす', 'こと', 'が', 'できる', 'よう', '、', '各般', 'の', '施策', 'を', '強力', 'に', '展開', 'し', 'て', 'いく', 'こと', 'が', '強く', '求め', 'られ', 'て', 'いる', 'の', 'で', 'ある', '。', '具体', '的', 'に', 'は', '、', '地域']",['各般'],NO,各般,NO,NO
21,各般,地域においては、基盤施設の整備を中核として、それとタイムスケジュールを合わせつつ、各般の住宅・社会資本整備を重点的、効率的に推進することである。その場合、地域づくりが全国的に活発化し、,"['地域', 'において', 'は', '、', '基盤', '施設', 'の', '整備', 'を', '中核', 'として', '、', 'それ', 'と', 'タイム', 'スケジュール', 'を', '合わせ', 'つつ', '、', '各般', 'の', '住宅', '・', '社会', '資本', '整備', 'を', '重点的', '、', '効率', '的', 'に', '推進', 'する', 'こと', 'で', 'ある', '。', 'その', '場合', '、', '地域', 'づくり', 'が', '全国', '的', 'に', '活発', '化', 'し', '、']",['各般'],NO,各般,NO,NO
22,各般,、私どもとしては、国内対策につきましては、各般の方面、まあ当然与党等の各般の御意見等も十二分にちょうだいいたしまして、また背くん方の、野党の皆さんにも,"['、', '私', 'ども', 'として', 'は', '、', '国内', '対策', 'に', 'つき', 'まし', 'て', 'は', '、', '各般', 'の', '方面', '、', 'まあ', '当然', '与党', '等', 'の', '各般', 'の', '御', '意見', '等', 'も', '十', '二', '分', 'に', 'ちょうだい', 'いたし', 'まし', 'て', '、', 'また', '背く', 'ん', '方', 'の', '、', '野党', 'の', '皆さん', 'に', 'も']",['各般'],NO,各般,NO,NO
23,各般,、私どもとしては、国内対策につきましては、各般の方面、まあ当然与党等の各般の御意見等も十二分にちょうだいいたしまして、また背くん方の、野党の皆さんにも,"['、', '私', 'ども', 'として', 'は', '、', '国内', '対策', 'に', 'つき', 'まし', 'て', 'は', '、', '各般', 'の', '方面', '、', 'まあ', '当然', '与党', '等', 'の', '各般', 'の', '御', '意見', '等', 'も', '十', '二', '分', 'に', 'ちょうだい', 'いたし', 'まし', 'て', '、', 'また', '背く', 'ん', '方', 'の', '、', '野党', 'の', '皆さん', 'に', 'も']",['各般'],NO,各般,NO,NO
24,各般,職場における指導強化，各種相談事業の推進，補導活動の充実強化，住民の地域活動の促進等非行防止のための各般の活動を集中的に実施している。さらに，法務省においても，関係省庁，ボランティア団体等の協力,"['職場', 'における', '指導', '強化', '，', '各種', '相談', '事業', 'の', '推進', '，', '補導', '活動', 'の', '充実', '強化', '，', '住民', 'の', '地域', '活動', 'の', '促進', '等', '非行', '防止', 'の', 'ため', 'の', '各般', 'の', '活動', 'を', '集中', '的', 'に', '実施', 'し', 'て', 'いる', '。', 'さらに', '，', '法務省', 'において', 'も', '，', '関係', '省庁', '，', 'ボランティア', '団体', '等', 'の', '協力']",['各般'],NO,各般,NO,NO
25,各般,て、平成九年度を財政構造改革元年と位置づけて編成しております。歳出面につきましては、各般の制度改革の実現に努めるなど歳出全般について聖域なく徹底した洗い直しに取り組み、一般歳出の規模,"['て', '、', '平成', '九', '年度', 'を', '財政', '構造', '改革', '元年', 'と', '位置づけ', 'て', '編成', 'し', 'て', 'おり', 'ます', '。', '歳出', '面', 'に', 'つき', 'まし', 'て', 'は', '、', '各般', 'の', '制度', '改革', 'の', '実現', 'に', '努める', 'など', '歳出', '全般', 'について', '聖域', 'なく', '徹底', 'し', 'た', '洗い直し', 'に', '取り組み', '、', '一般', '歳出', 'の', '規模']",['各般'],NO,各般,NO,NO
26,各般,７億二十二百万円であった（第十三図）。国の調査研究のほか，地方公共団体及び民間研究機関においても，各般にわたる調査研究活動が行われているが，これらを含めても，なおかつ我が国の調査研究活動は,"['７', '億', '二', '十', '二', '百', '万', '円', 'で', 'あっ', 'た', '（', '第', '十', '三', '図', '）', '。', '国', 'の', '調査', '研究', 'の', 'ほか', '，', '地方', '公共', '団体', '及び', '民間', '研究', '機関', 'において', 'も', '，', '各般', 'にわたる', '調査', '研究', '活動', 'が', '行わ', 'れ', 'て', 'いる', 'が', '，', 'これら', 'を', '含め', 'て', 'も', '，', 'なおかつ', '我が国', 'の', '調査', '研究', '活動', 'は']",['各般'],NO,各般,NO,NO
27,各般,抜本的な拡充強化を図っております。情報技術の活用による中小小売店の生産性の向上を促進するための各般の助成制度というのもつくっております。こういうことで、中小小売商業対策の一層の充実強化に,"['抜本', '的', 'な', '拡充', '強化', 'を', '図っ', 'て', 'おり', 'ます', '。', '情報', '技術', 'の', '活用', 'による', '中小', '小売', '店', 'の', '生産', '性', 'の', '向上', 'を', '促進', 'する', 'ため', 'の', '各般', 'の', '助成', '制度', 'という', 'の', 'も', 'つくっ', 'て', 'おり', 'ます', '。', 'こういう', 'こと', 'で', '、', '中小', '小売', '商業', '対策', 'の', '一層', 'の', '充実', '強化', 'に']",['各般'],NO,各般,NO,NO
28,各般,、死者、行方不明者九名、被害住宅五万二千戸、被害総額は、土木、農林、水産、商工等の各般にわたって六百七十八億円に達しているとのことであります。以下、視察の日程に従いまして,"['、', '死者', '、', '行方', '不明', '者', '九', '名', '、', '被害', '住宅', '五', '万', '二', '千', '戸', '、', '被害', '総額', 'は', '、', '土木', '、', '農林', '、', '水産', '、', '商工', '等', 'の', '各般', 'にわたって', '六', '百', '七', '十', '八', '億', '円', 'に', '達し', 'て', 'いる', 'と', 'の', 'こと', 'で', 'あり', 'ます', '。', '以下', '、', '視察', 'の', '日程', 'に従いまして']",['各般'],NO,各般,NO,NO
29,各般,宮城県の花山村、ここも大雨による甚大な被害が出ております。激甚の指定、各般にわたる災害復旧の早期実施等々万全の対応をしていただきたい、こう考えております。国土庁、この問題,"['宮城', '県', 'の', '花山', '村', '、', 'ここ', 'も', '大雨', 'による', '甚大', 'な', '被害', 'が', '出', 'て', 'おり', 'ます', '。', '激甚', 'の', '指定', '、', '各般', 'にわたる', '災害', '復旧', 'の', '早期', '実施', '等', '々', '万全', 'の', '対応', 'を', 'し', 'て', 'いただき', 'たい', '、', 'こう', '考え', 'て', 'おり', 'ます', '。', '国土庁', '、', 'この', '問題']",['各般'],NO,各般,NO,NO
30,各般,、最も重大の事業であるということは、今さら申し述べる必要もないことでありますが、各般の人生生活の上に影響を及ぼすことでございます。かつて去る明治三十年に、当時,"['、', '最も', '重大', 'の', '事業', 'で', 'ある', 'という', 'こと', 'は', '、', '今さら', '申し述べる', '必要', 'も', 'ない', 'こと', 'で', 'あり', 'ます', 'が', '、', '各般', 'の', '人生', '生活', 'の', '上', 'に', '影響', 'を', '及ぼす', 'こと', 'で', 'ござい', 'ます', '。', 'かつて', '去る', '明治', '三', '十', '年', 'に', '、', '当時']",['各般'],NO,各般,NO,NO
31,各般,立案及び調整を積極的に行うとともに，関係機関の施策の総合調整等を図るため，災害対策総合推進調整費により各般の調査等を行い，災害対策の総合的推進を図る。（３）防災週間国土庁においては，,"['立案', '及び', '調整', 'を', '積極', '的', 'に', '行う', 'とともに', '，', '関係', '機関', 'の', '施策', 'の', '総合', '調整', '等', 'を', '図る', 'ため', '，', '災害', '対策', '総合', '推進', '調整', '費', 'により', '各般', 'の', '調査', '等', 'を', '行い', '，', '災害', '対策', 'の', '総合', '的', '推進', 'を', '図る', '。', '（', '３', '）', '防災', '週間', '国土庁', 'において', 'は', '，']",['各般'],NO,各般,NO,NO
32,各般,性能、仕様等が含まれるものであります。この法案につきまして、制定後には各般の普及啓発活動も行うところでございまして、解釈につきましてのこのような考え方,"['性能', '、', '仕様', '等', 'が', '含ま', 'れる', 'もの', 'で', 'あり', 'ます', '。', 'この', '法案', 'に', 'つき', 'まし', 'て', '、', '制定', '後', 'に', 'は', '各般', 'の', '普及', '啓発', '活動', 'も', '行う', 'ところ', 'で', 'ござい', 'まし', 'て', '、', '解釈', 'に', 'つき', 'まし', 'て', 'の', 'この', 'よう', 'な', '考え方']",['各般'],NO,各般,NO,NO
33,各般,多様に出てくるかもしれないいろいろな悪徳商法も含めまして、今後とも関係省庁とも連携をとりながら、各般の施策のきめ細かな実施を図り、また消費者の啓発にも努めまして実効を,"['多様', 'に', '出', 'て', 'くる', 'かも', 'しれ', 'ない', 'いろいろ', 'な', '悪徳', '商法', 'も', '含め', 'まし', 'て', '、', '今後', 'とも', '関係', '省庁', 'とも', '連携', 'を', 'とり', 'ながら', '、', '各般', 'の', '施策', 'の', 'きめ細か', 'な', '実施', 'を', '図り', '、', 'また', '消費', '者', 'の', '啓発', 'に', 'も', '努め', 'まし', 'て', '実効', 'を']",['各般'],NO,各般,NO,NO
34,各般,昭和四十七年６月，産業構造審議会国際経済部会は「信頼される日本への道」と題して，対外経済政策について各般の提言を行った。それから十年を経過した今日，内外情勢は著しい変化を遂げ,"['昭和', '四', '十', '七', '年', '６月', '，', '産業', '構造', '審議', '会', '国際', '経済', '部会', 'は', '「', '信頼', 'さ', 'れる', '日本', 'へ', 'の', '道', '」', 'と', '題し', 'て', '，', '対外', '経済', '政策', 'について', '各般', 'の', '提言', 'を', '行っ', 'た', '。', 'それ', 'から', '十', '年', 'を', '経過', 'し', 'た', '今日', '，', '内外', '情勢', 'は', '著しい', '変化', 'を', '遂げ']",['各般'],NO,各般,NO,NO
35,各般,特にリスクマネーの供給を確保するとか、あるいは人材の移動の円滑化を図るとか、各般の施策を講じたわけでございまして、今お願いしております予算案におきまして,"['特に', 'リスク', 'マネー', 'の', '供給', 'を', '確保', 'する', 'とか', '、', 'あるいは', '人材', 'の', '移動', 'の', '円滑', '化', 'を', '図る', 'とか', '、', '各般', 'の', '施策', 'を', '講じ', 'た', 'わけ', 'で', 'ござい', 'まし', 'て', '、', '今', 'お願い', 'し', 'て', 'おり', 'ます', '予算', '案', 'におきまして']",['各般'],NO,各般,NO,NO
36,各般,が、先ほど御紹介をした経緯以降、ＡＭＩ本社あるいはＡＭＩジャパンの担当者との間では、各般の他のプロジェクトも含めた意見交換の機会がございましたけれども、本件について具体的,"['が', '、', '先', 'ほど', '御', '紹介', 'を', 'し', 'た', '経緯', '以降', '、', 'ＡＭＩ', '本社', 'あるいは', 'ＡＭＩ', 'ジャパン', 'の', '担当', '者', 'と', 'の', '間', 'で', 'は', '、', '各般', 'の', '他', 'の', 'プロジェクト', 'も', '含め', 'た', '意見', '交換', 'の', '機会', 'が', 'ござい', 'まし', 'た', 'けれども', '、', '本件', 'について', '具体', '的']",['各般'],NO,各般,NO,NO
37,各般,の引上げ、中古住宅による居住水準の向上を図るための既存住宅の貸付条件の改善など施策目的に応じ各般の拡充措置を講ずることとしている（表２‐Ⅱ‐十八）。表２‐,"['の', '引上げ', '、', '中古', '住宅', 'による', '居住', '水準', 'の', '向上', 'を', '図る', 'ため', 'の', '既存', '住宅', 'の', '貸付', '条件', 'の', '改善', 'など', '施策', '目的', 'に', '応じ', '各般', 'の', '拡充', '措置', 'を', '講ずる', 'こと', 'と', 'し', 'て', 'いる', '（', '表', '２', '‐', 'Ⅱ', '‐', '十', '八', '）', '。', '表', '２', '‐']",['各般'],NO,各般,NO,NO
38,各般,と交通安全に関する教育・広報及び民間の交通安全活動の推進等による交通安全思想の普及等に重点を置いて，各般にわたる交通安全対策を総合的かつ強力に推進している。これらの施策のうち，青少年に関する主な,"['と', '交通', '安全', 'に関する', '教育', '・', '広報', '及び', '民間', 'の', '交通', '安全', '活動', 'の', '推進', '等', 'による', '交通', '安全', '思想', 'の', '普及', '等', 'に', '重点', 'を', '置い', 'て', '，', '各般', 'にわたる', '交通', '安全', '対策', 'を', '総合', '的', 'かつ', '強力', 'に', '推進', 'し', 'て', 'いる', '。', 'これら', 'の', '施策', 'の', 'うち', '，', '青少年', 'に関する', '主', 'な']",['各般'],NO,各般,NO,NO
39,各般,の（４）までにわたります部分は施設の整備充実、単価のアップ等、労災補償制度の各般の改善を進めるものでございます。それから、十一ページの６、７は、それぞれ従来,"['の', '（', '４', '）', 'まで', 'にわたります', '部分', 'は', '施設', 'の', '整備', '充実', '、', '単価', 'の', 'アップ', '等', '、', '労災', '補償', '制度', 'の', '各般', 'の', '改善', 'を', '進める', 'もの', 'で', 'ござい', 'ます', '。', 'それから', '、', '十', '一', 'ページ', 'の', '６', '、', '７', 'は', '、', 'それぞれ', '従来']",['各般'],NO,各般,NO,NO
40,各般,ている老人保健基盤安定化のための助成措置九百億円を平成３年度には千億円に増額し継続することとするなど，各般の施策を講じている。こうした制度の見直しを通じて，老人に対する在宅及び施設,"['て', 'いる', '老人', '保健', '基盤', '安定', '化', 'の', 'ため', 'の', '助成', '措置', '九', '百', '億', '円', 'を', '平成', '３', '年度', 'に', 'は', '千', '億', '円', 'に', '増額', 'し', '継続', 'する', 'こと', 'と', 'する', 'など', '，', '各般', 'の', '施策', 'を', '講じ', 'て', 'いる', '。', 'こうした', '制度', 'の', '見直し', 'を通じて', '，', '老人', 'に対する', '在宅', '及び', '施設']",['各般'],NO,各般,NO,NO
41,各般,その中でもいま先生御指摘のような算定会のより中立性を保つと申しますか、各般の公正な意見が反映するようなこと並びに料率決定がどういうプロセスで行われているか,"['その', '中', 'で', 'も', 'いま', '先生', '御', '指摘', 'の', 'よう', 'な', '算定', '会', 'の', 'より', '中立', '性', 'を', '保つ', 'と', '申し', 'ます', 'か', '、', '各般', 'の', '公正', 'な', '意見', 'が', '反映', 'する', 'よう', 'な', 'こと', '並びに', '料率', '決定', 'が', 'どういう', 'プロセス', 'で', '行わ', 'れ', 'て', 'いる', 'か']",['各般'],NO,各般,NO,NO
42,各般,確立，交通安全思想の普及徹底，安全運転の確保，救助・救急体制の整備，交通安全に関する科学技術の振興等の各般の交通安全対策を充実することとした。特に，重点施策及び新規施策は以下のとおりである。,"['確立', '，', '交通', '安全', '思想', 'の', '普及', '徹底', '，', '安全', '運転', 'の', '確保', '，', '救助', '・', '救急', '体制', 'の', '整備', '，', '交通', '安全', 'に関する', '科学', '技術', 'の', '振興', '等', 'の', '各般', 'の', '交通', '安全', '対策', 'を', '充実', 'する', 'こと', 'と', 'し', 'た', '。', '特に', '，', '重点', '施策', '及び', '新規', '施策', 'は', '以下', 'の', 'とおり', 'で', 'ある', '。']",['各般'],NO,各般,NO,NO
43,各般,が重要です。政府は、こうした消費者を支援するため、消費者保護会議で決定された各般の施策の総合的な推進や、国民生活センター等を通じた積極的な情報提供など、消費者行政の一層,"['が', '重要', 'です', '。', '政府', 'は', '、', 'こうした', '消費', '者', 'を', '支援', 'する', 'ため', '、', '消費', '者', '保護', '会議', 'で', '決定', 'さ', 'れ', 'た', '各般', 'の', '施策', 'の', '総合', '的', 'な', '推進', 'や', '、', '国民', '生活', 'センター', '等', 'を', '通じ', 'た', '積極', '的', 'な', '情報', '提供', 'など', '、', '消費', '者', '行政', 'の', '一層']",['各般'],NO,各般,NO,NO
44,各般,思います。かような意味から、本県が長期にわたって、健全財政を堅持していくためには、各般の行政についてその一定水準は確保しつつも、その緊要性、適応性等諸般の事情を慎重に,"['思い', 'ます', '。', 'か', 'よう', 'な', '意味', 'から', '、', '本県', 'が', '長期', 'にわたって', '、', '健全', '財政', 'を', '堅持', 'し', 'て', 'いく', 'ため', 'に', 'は', '、', '各般', 'の', '行政', 'について', 'その', '一定', '水準', 'は', '確保', 'し', 'つつ', 'も', '、', 'その', '緊要', '性', '、', '適応', '性', '等', '諸般', 'の', '事情', 'を', '慎重', 'に']",['各般'],NO,各般,NO,NO
45,各般,を提示するということを行ってまいりましたが、社会システムの整備あるいは技術開発、人材育成等々、各般の施策を行ってきたところでございます。今後とも、効率的かつ効果的な展開のため,"['を', '提示', 'する', 'という', 'こと', 'を', '行っ', 'て', 'まいり', 'まし', 'た', 'が', '、', '社会', 'システム', 'の', '整備', 'あるいは', '技術', '開発', '、', '人材', '育成', '等々', '、', '各般', 'の', '施策', 'を', '行っ', 'て', 'き', 'た', 'ところ', 'で', 'ござい', 'ます', '。', '今後', 'とも', '、', '効率', '的', 'かつ', '効果', '的', 'な', '展開', 'の', 'ため']",['各般'],NO,各般,NO,NO
46,各般,役割が増大するにつれて、我が国の人事行政に対する国際的関心が高まっているが、平成元年度には、各般の意見交換等のため国連人事局長をはじめ二十六か国、１国際機関から二百二十七人が人事院を来訪した。また、,"['役割', 'が', '増大', 'する', 'につれて', '、', '我が国', 'の', '人事', '行政', 'に対する', '国際', '的', '関心', 'が', '高まっ', 'て', 'いる', 'が', '、', '平成', '元', '年度', 'に', 'は', '、', '各般', 'の', '意見', '交換', '等', 'の', 'ため', '国連', '人事', '局長', 'を', 'はじめ', '二', '十', '六', 'か国', '、', '１', '国際', '機関', 'から', '二', '百', '二', '十', '七', '人', 'が', '人事院', 'を', '来訪', 'し', 'た', '。', 'また', '、']",['各般'],NO,各般,NO,NO
47,各般,の方で所管をいたしておりますが、この中では、いわば大人も含めて各般の施策をまとめておるわけでございます。その中に青少年対策の面も含めて提示,"['の', '方', 'で', '所管', 'を', 'いたし', 'て', 'おり', 'ます', 'が', '、', 'この', '中', 'で', 'は', '、', 'いわば', '大人', 'も', '含め', 'て', '各般', 'の', '施策', 'を', 'まとめ', 'て', 'おる', 'わけ', 'で', 'ござい', 'ます', '。', 'その', '中', 'に', '青少年', '対策', 'の', '面', 'も', '含め', 'て', '提示']",['各般'],NO,各般,NO,NO
48,各般,の先祖達並びに当協会の会員、さらには今までいろいろな行動のたびに勇気づけていただいた各般の皆様方の意を体しながら、割当の時間内で精一杯の私どもウタリ協会の意見発表をさせ,"['の', '先祖', '達', '並び', 'に', '当', '協会', 'の', '会員', '、', 'さらに', 'は', '今', 'まで', 'いろいろ', 'な', '行動', 'の', 'たび', 'に', '勇気づけ', 'て', 'いただい', 'た', '各般', 'の', '皆様', '方', 'の', '意', 'を', '体し', 'ながら', '、', '割当', 'の', '時間', '内', 'で', '精一杯', 'の', '私', 'ども', 'ウタリ', '協会', 'の', '意見', '発表', 'を', 'さ', 'せ']",['各般'],NO,各般,NO,NO
49,各般,についても，公共投資の抑制基調が続いた結果として，その事故抑止効果が相対的に低下するなど，各般の交通安全対策が必ずしも十分な効果を挙げるに至らず，交通事故死者数は，再び増加傾向に転じ,"['について', 'も', '，', '公共', '投資', 'の', '抑制', '基調', 'が', '続い', 'た', '結果', 'として', '，', 'その', '事故', '抑止', '効果', 'が', '相対', '的', 'に', '低下', 'する', 'など', '，', '各般', 'の', '交通', '安全', '対策', 'が', '必ずしも', '十分', 'な', '効果', 'を', '挙げる', 'に', '至ら', 'ず', '，', '交通', '事故死', '者', '数', 'は', '，', '再び', '増加', '傾向', 'に', '転じ']",['各般'],NO,各般,NO,NO
50,各般,今後とも、危険物の安全の確保に大きな役割を果たす危険物取扱者の資質の向上のための各般の施策を推進していくこととしている。ア危険物取扱者試験危険物取扱者試験は、甲種、乙種,"['今後', 'とも', '、', '危険', '物', 'の', '安全', 'の', '確保', 'に', '大きな', '役割', 'を', '果たす', '危険', '物', '取扱', '者', 'の', '資質', 'の', '向上', 'の', 'ため', 'の', '各般', 'の', '施策', 'を', '推進', 'し', 'て', 'いく', 'こと', 'と', 'し', 'て', 'いる', '。', 'ア', '危険', '物', '取扱', '者', '試験', '危険', '物', '取扱', '者', '試験', 'は', '、', '甲種', '、', '乙種']",['各般'],NO,各般,NO,NO
51,各般,について四兆円の特別減税の追加、継続を行うこととしており、こうした措置は各般の施策と相まって消費者マインドを高め、景気に効果的に作用するものと考えております。,"['について', '四', '兆', '円', 'の', '特別', '減税', 'の', '追加', '、', '継続', 'を', '行う', 'こと', 'と', 'し', 'て', 'おり', '、', 'こうした', '措置', 'は', '各般', 'の', '施策', 'と', '相まって', '消費', '者', 'マインド', 'を', '高め', '、', '景気', 'に', '効果', '的', 'に', '作用', 'する', 'もの', 'と', '考え', 'て', 'おり', 'ます', '。']",['各般'],NO,各般,NO,NO
52,各般,、その適正な徴収の確保に努める必要がある。なお、以上のような各般にわたる財源の充実強化と併せて、国と地方公共団体間、地方公共団体相互間、地方公共団体と住民間の経費負担関係を,"['、', 'その', '適正', 'な', '徴収', 'の', '確保', 'に', '努める', '必要', 'が', 'ある', '。', 'なお', '、', '以上', 'の', 'よう', 'な', '各般', 'にわたる', '財源', 'の', '充実', '強化', 'と', '併せ', 'て', '、', '国', 'と', '地方', '公共', '団体', '間', '、', '地方', '公共', '団体', '相互', '間', '、', '地方', '公共', '団体', 'と', '住民', '間', 'の', '経費', '負担', '関係', 'を']",['各般'],NO,各般,NO,NO
53,各般,にわたって食糧の安定的な供給でありますとか農林水産業の健全な発展を図るというために、各般の行政施策を行っておりますけれども、特に農林水産技術の開発とその普及推進ということが極めて,"['にわたって', '食糧', 'の', '安定', '的', 'な', '供給', 'で', 'あり', 'ます', 'とか', '農林', '水産', '業', 'の', '健全', 'な', '発展', 'を', '図る', 'という', 'ため', 'に', '、', '各般', 'の', '行政', '施策', 'を', '行っ', 'て', 'おり', 'ます', 'けれども', '、', '特に', '農林', '水産', '技術', 'の', '開発', 'と', 'その', '普及', '推進', 'という', 'こと', 'が', '極めて']",['各般'],NO,各般,NO,NO
54,各般,ましたのは、そういう意味で、これからこの中身につきまして、地方公共団体等各般の御意見を伺いたい、そういう中で、さらに補足すべきところがあれば補足して,"['まし', 'た', 'の', 'は', '、', 'そういう', '意味', 'で', '、', 'これから', 'この', '中身', 'に', 'つき', 'まし', 'て', '、', '地方', '公共', '団体', '等', '各般', 'の', '御', '意見', 'を', '伺い', 'たい', '、', 'そういう', '中', 'で', '、', 'さらに', '補足', 'す', 'べき', 'ところ', 'が', 'あれ', 'ば', '補足', 'し', 'て']",['各般'],NO,各般,NO,NO
55,各般,に基づく、悪質商法、危害等に関する情報や商品テストの結果をはじめとする国民生活の改善に関する各般の情報を、関係省庁、地方公共団体の協力を得てテレビ（消費者ミニ情報）、ラジオ（くらし,"['に', '基づく', '、', '悪質', '商法', '、', '危害', '等', 'に関する', '情報', 'や', '商品', 'テスト', 'の', '結果', 'を', 'はじめ', 'と', 'する', '国民', '生活', 'の', '改善', 'に関する', '各般', 'の', '情報', 'を', '、', '関係', '省庁', '、', '地方', '公共', '団体', 'の', '協力', 'を', '得', 'て', 'テレビ', '（', '消費', '者', 'ミニ', '情報', '）', '、', 'ラジオ', '（', 'くらし']",['各般'],NO,各般,NO,NO
56,各般,かつ円満に行われるよう保健医療サービス，福祉サービスを提供する体制の確保に関する施策そのほか必要な各般の措置を講じなければならない．２都道府県は，介護保険事業の運営が健全かつ円滑に行わ,"['かつ', '円満', 'に', '行わ', 'れる', 'よう', '保健', '医療', 'サービス', '，', '福祉', 'サービス', 'を', '提供', 'する', '体制', 'の', '確保', 'に関する', '施策', 'その', 'ほか', '必要', 'な', '各般', 'の', '措置', 'を', '講じ', 'なけれ', 'ば', 'なら', 'ない', '．', '２', '都道府県', 'は', '，', '介護', '保険', '事業', 'の', '運営', 'が', '健全', 'かつ', '円滑', 'に', '行わ']",['各般'],NO,各般,NO,NO
57,各般,たいと思うのです。いかがですか。○石原（信）政府委員福祉施設を初め地方公共団体が設置する各般の施設の職員に要する経費については、全体としては地方財政計画を通じて必要な経費を算入いたし,"['たい', 'と', '思う', 'の', 'です', '。', 'いかが', 'です', 'か', '。', '○', '石原', '（', '信', '）', '政府', '委員', '福祉', '施設', 'を', '初め', '地方', '公共', '団体', 'が', '設置', 'する', '各般', 'の', '施設', 'の', '職員', 'に', '要する', '経費', 'について', 'は', '、', '全体', 'として', 'は', '地方', '財政', '計画', 'を通じて', '必要', 'な', '経費', 'を', '算入', 'いたし']",['各般'],NO,各般,NO,NO
58,各般,政治課題であることは論をまちませんが、この領土問題をめぐる議論とともに、いろいろ各般の日ソのこれからの協力のあり方について十三時間近い会談が六回にわたって行われて最終的,"['政治', '課題', 'で', 'ある', 'こと', 'は', '論', 'を', 'まち', 'ませ', 'ん', 'が', '、', 'この', '領土', '問題', 'を', 'めぐる', '議論', 'とともに', '、', 'いろいろ', '各般', 'の', '日', 'ソ', 'の', 'これから', 'の', '協力', 'の', 'あり方', 'について', '十', '三', '時間', '近い', '会談', 'が', '六', '回', 'にわたって', '行わ', 'れ', 'て', '最終', '的']",['各般'],NO,各般,NO,NO
59,各般,うんしゅうみかんについては，今後とも供給過剰傾向に推移することが予想されるので，生産，流通，加工等にわたる各般の施策を総合的に実施し，需給の安定を図ることとし，不良系統の改植等により,"['うん', 'しゅう', 'みかん', 'について', 'は', '，', '今後', 'とも', '供給', '過剰', '傾向', 'に', '推移', 'する', 'こと', 'が', '予想', 'さ', 'れる', 'ので', '，', '生産', '，', '流通', '，', '加工', '等', 'にわたる', '各般', 'の', '施策', 'を', '総合', '的', 'に', '実施', 'し', '，', '需給', 'の', '安定', 'を', '図る', 'こと', 'と', 'し', '，', '不良', '系統', 'の', '改', '植', '等', 'により']",['各般'],NO,各般,NO,NO
60,各般,の機能類型に応じた管理経営を基本方針として，事業運営の能率化，経営管理の適正化など各般にわたる経営改善を推進する。１主要事業の概要（１）「国有林野経営規程」に基づき，,"['の', '機能', '類型', 'に', '応じ', 'た', '管理', '経営', 'を', '基本', '方針', 'として', '，', '事業', '運営', 'の', '能率', '化', '，', '経営', '管理', 'の', '適正', '化', 'など', '各般', 'にわたる', '経営', '改善', 'を', '推進', 'する', '。', '１', '主要', '事業', 'の', '概要', '（', '１', '）', '「', '国有', '林野', '経営', '規程', '」', 'に', '基づき', '，']",['各般'],NO,各般,NO,NO
61,各般,で活力ある経済社会の構築に向けて、真に必要となる社会資本の整備など、各般の施策と相まって消費者や企業のマインドを高め、景気に効果的に作用するものと,"['で', '活力', 'ある', '経済', '社会', 'の', '構築', 'に', '向け', 'て', '、', '真に', '必要', 'と', 'なる', '社会', '資本', 'の', '整備', 'など', '、', '各般', 'の', '施策', 'と', '相まって', '消費', '者', 'や', '企業', 'の', 'マインド', 'を', '高め', '、', '景気', 'に', '効果', '的', 'に', '作用', 'する', 'もの', 'と']",['各般'],NO,各般,NO,NO
62,各般,の機能類型に応じた管理経営を基本方針として，事業運営の効率化，経営管理の適正化など各般にわたる経営改善を推進する。１主要事業の概要（１）「国有林野経営規程」に基づき，,"['の', '機能', '類型', 'に', '応じ', 'た', '管理', '経営', 'を', '基本', '方針', 'として', '，', '事業', '運営', 'の', '効率', '化', '，', '経営', '管理', 'の', '適正', '化', 'など', '各般', 'にわたる', '経営', '改善', 'を', '推進', 'する', '。', '１', '主要', '事業', 'の', '概要', '（', '１', '）', '「', '国有', '林野', '経営', '規程', '」', 'に', '基づき', '，']",['各般'],NO,各般,NO,NO
63,各般,十地盤沈下対策事業地盤沈下を防止し，併せて地下水の保全を図るため，関係省庁の各般の施策の調整を行って地盤沈下とこれに伴う被害の著しい地域についての対策要綱の,"['十', '地盤', '沈下', '対策', '事業', '地盤', '沈下', 'を', '防止', 'し', '，', '併せ', 'て', '地下', '水', 'の', '保全', 'を', '図る', 'ため', '，', '関係', '省庁', 'の', '各般', 'の', '施策', 'の', '調整', 'を', '行っ', 'て', '地盤', '沈下', 'と', 'これ', 'に', '伴う', '被害', 'の', '著しい', '地域', 'について', 'の', '対策', '要綱', 'の']",['各般'],NO,各般,NO,NO
64,各般,までに１万人以下とし，さらに，十二年までに九千人以下とすることを目標とし，各般の交通安全対策を鋭意推進した結果，交通事故による死者数は８年に九千九百四十二人と１万人を切り，十一年,"['まで', 'に', '１', '万', '人', '以下', 'と', 'し', '，', 'さらに', '，', '十', '二', '年', 'まで', 'に', '九', '千', '人', '以下', 'と', 'する', 'こと', 'を', '目標', 'と', 'し', '，', '各般', 'の', '交通', '安全', '対策', 'を', '鋭意', '推進', 'し', 'た', '結果', '，', '交通', '事故', 'による', '死者', '数', 'は', '８', '年', 'に', '九', '千', '九', '百', '四', '十', '二', '人', 'と', '１', '万', '人', 'を', '切り', '，', '十', '一', '年']",['各般'],NO,各般,NO,NO
65,各般,ものは非常に重要だ。そういたしますと、どうしても森林組合の足腰を鍛えるような各般の政策の、新しい展望を含めましてやっていく必要がある、このような認識,"['もの', 'は', '非常', 'に', '重要', 'だ', '。', 'そう', 'いたし', 'ます', 'と', '、', 'どうしても', '森林', '組合', 'の', '足腰', 'を', '鍛える', 'よう', 'な', '各般', 'の', '政策', 'の', '、', '新しい', '展望', 'を', '含め', 'まし', 'て', 'やっ', 'て', 'いく', '必要', 'が', 'ある', '、', 'この', 'よう', 'な', '認識']",['各般'],NO,各般,NO,NO
66,各般,我が国農林水産業及び農山漁村が、希望にあふれ、活力に満ちたものとなるよう、各般の施策を積極的に展開してまいります。次に、平成十三年度農林水産予算について、その枠組みから,"['我が国', '農林', '水', '産業', '及び', '農山', '漁村', 'が', '、', '希望', 'に', 'あふれ', '、', '活力', 'に', '満ち', 'た', 'もの', 'と', 'なる', 'よう', '、', '各般', 'の', '施策', 'を', '積極', '的', 'に', '展開', 'し', 'て', 'まいり', 'ます', '。', '次に', '、', '平成', '十', '三', '年度', '農林', '水産', '予算', 'について', '、', 'その', '枠組み', 'から']",['各般'],NO,各般,NO,NO
67,各般,との提言を受けて，新たな大学院（研究科・専攻）の設置や大学院の入学定員増など各般の施策がとられ，大学院の量的拡大が図られてきた。大学院の在学者は,"['と', 'の', '提言', 'を', '受け', 'て', '，', '新た', 'な', '大学院', '（', '研究', '科', '・', '専攻', '）', 'の', '設置', 'や', '大学院', 'の', '入学', '定員', '増', 'など', '各般', 'の', '施策', 'が', 'とら', 'れ', '，', '大学院', 'の', '量的', '拡大', 'が', '図ら', 'れ', 'て', 'き', 'た', '。', '大学院', 'の', '在学', '者', 'は']",['各般'],NO,各般,NO,NO
68,各般,。道路交通安全対策は，交通安全基本計画及びこれに基づく総合交通安全施設等整備事業五箇年計画等によって，道路交通環境の整備を始め，各般の施策を総合的に推進してきている。第１次交通安全基本計画の昭和四十六年から第２次交通安全基本計画の最終年の五十五年,"['。', '道路', '交通', '安全', '対策', 'は', '，', '交通', '安全', '基本', '計画', '及び', 'これ', 'に', '基づく', '総合', '交通', '安全', '施設', '等', '整備', '事業', '五', '箇年', '計画', '等', 'によって', '，', '道路', '交通', '環境', 'の', '整備', 'を', '始め', '，', '各般', 'の', '施策', 'を', '総合', '的', 'に', '推進', 'し', 'て', 'き', 'て', 'いる', '。', '第', '１', '次', '交通', '安全', '基本', '計画', 'の', '昭和', '四', '十', '六', '年', 'から', '第', '２', '次', '交通', '安全', '基本', '計画', 'の', '最終', '年', 'の', '五', '十', '五', '年']",['各般'],NO,各般,NO,NO
69,各般,ますか、重度意識障害者の予防あるいは治療、リハビリテーションといったようなものに至るまで、現在やっております各般の施策につきまして今後とも拡充強化を図ることによりまして対応してまいりたいと,"['ます', 'か', '、', '重度', '意識', '障害', '者', 'の', '予防', 'あるいは', '治療', '、', 'リハビリテーション', 'といった', 'よう', 'な', 'もの', 'に', '至る', 'まで', '、', '現在', 'やっ', 'て', 'おり', 'ます', '各般', 'の', '施策', 'に', 'つき', 'まし', 'て', '今後', 'とも', '拡充', '強化', 'を', '図る', 'こと', 'によりまして', '対応', 'し', 'て', 'まいり', 'たい', 'と']",['各般'],NO,各般,NO,NO
70,各般,の推進等を図るとともに、創造的・基礎的研究の充実、若手研究者の支援・活用など、科学技術振興のため各般の施策の推進に努めることとし、六兆三千四百三十六億円を計上しております。公共事業関係費につきまし,"['の', '推進', '等', 'を', '図る', 'とともに', '、', '創造', '的', '・', '基礎', '的', '研究', 'の', '充実', '、', '若手', '研究', '者', 'の', '支援', '・', '活用', 'など', '、', '科学', '技術', '振興', 'の', 'ため', '各般', 'の', '施策', 'の', '推進', 'に', '努める', 'こと', 'と', 'し', '、', '六', '兆', '三', '千', '四', '百', '三', '十', '六', '億', '円', 'を', '計上', 'し', 'て', 'おり', 'ます', '。', '公共', '事業', '関係', '費', 'に', 'つき', 'まし']",['各般'],NO,各般,NO,NO
71,各般,、物価の高騰と国際収支の大幅赤字という困難な事態に遭遇し、総需要抑制策を始めとする各般の施策の結果、物価は鎮静化の傾向を示すようになったものの、反面、,"['、', '物価', 'の', '高騰', 'と', '国際', '収支', 'の', '大幅', '赤字', 'という', '困難', 'な', '事態', 'に', '遭遇', 'し', '、', '総', '需要', '抑制', '策', 'を', '始め', 'と', 'する', '各般', 'の', '施策', 'の', '結果', '、', '物価', 'は', '鎮静', '化', 'の', '傾向', 'を', '示す', 'よう', 'に', 'なっ', 'た', 'ものの', '、', '反面', '、']",['各般'],NO,各般,NO,NO
72,各般,を得るためにも、行財政の効率的な運営を図っていく必要があります。今後とも、各般にわたり、行財政改革の推進に不断の努力を傾注してまいる所存であります。第三の課題,"['を', '得る', 'ため', 'に', 'も', '、', '行財政', 'の', '効率', '的', 'な', '運営', 'を', '図っ', 'て', 'いく', '必要', 'が', 'あり', 'ます', '。', '今後', 'とも', '、', '各般', 'にわたり', '、', '行財政', '改革', 'の', '推進', 'に', '不断', 'の', '努力', 'を', '傾注', 'し', 'て', 'まいる', '所存', 'で', 'あり', 'ます', '。', '第', '三', 'の', '課題']",['各般'],NO,各般,NO,NO
73,各般,において発見されたわけでございます。したがいまして、それを中心にいたしまして各般の資料の収集を行い、準備を整えて一月に検査に着手して未計上の債務保証,"['において', '発見', 'さ', 'れ', 'た', 'わけ', 'で', 'ござい', 'ます', '。', 'したがい', 'まし', 'て', '、', 'それ', 'を', '中心', 'に', 'いたし', 'まし', 'て', '各般', 'の', '資料', 'の', '収集', 'を', '行い', '、', '準備', 'を', '整え', 'て', '一月', 'に', '検査', 'に', '着手', 'し', 'て', '未', '計上', 'の', '債務', '保証']",['各般'],NO,各般,NO,NO
74,各般,，その策定に当たって当面の国際情勢の基調となる流れについて，「核相互抑止を含む軍事均衡や各般の国際関係安定化の努力により，東西間の全面的軍事衝突又はこれを引き起こすおそれのある大規模な武力紛争,"['，', 'その', '策定', 'に当たって', '当面', 'の', '国際', '情勢', 'の', '基調', 'と', 'なる', '流れ', 'について', '，', '「', '核', '相互', '抑止', 'を', '含む', '軍事', '均衡', 'や', '各般', 'の', '国際', '関係', '安定', '化', 'の', '努力', 'により', '，', '東西', '間', 'の', '全面', '的', '軍事', '衝突', '又は', 'これ', 'を', '引き起こす', 'お', 'それ', 'の', 'ある', '大', '規模', 'な', '武力', '紛争']",['各般'],NO,各般,NO,NO
75,各般,我が国農林水産業及び農山漁村が、希望にあふれ、活力に満ちたものとなるよう、各般の施策を積極的に展開してまいりますと力強く表明されました。私も非常に,"['我が国', '農林', '水', '産業', '及び', '農山', '漁村', 'が', '、', '希望', 'に', 'あふれ', '、', '活力', 'に', '満ち', 'た', 'もの', 'と', 'なる', 'よう', '、', '各般', 'の', '施策', 'を', '積極', '的', 'に', '展開', 'し', 'て', 'まいり', 'ます', 'と', '力強く', '表明', 'さ', 'れ', 'まし', 'た', '。', '私', 'も', '非常', 'に']",['各般'],NO,各般,NO,NO
76,各般,本条約に基づく温暖化防止対策等にかかわる報告書が提出されています。その報告書によりますと、各般の施策が十分に実施されることを前提とした場合、二千年度における一人当たり二酸化炭素排出量は,"['本', '条約', 'に', '基づく', '温暖', '化', '防止', '対策', '等', 'に', 'かかわる', '報告', '書', 'が', '提出', 'さ', 'れ', 'て', 'い', 'ます', '。', 'その', '報告', '書', 'に', 'より', 'ます', 'と', '、', '各般', 'の', '施策', 'が', '十分', 'に', '実施', 'さ', 'れる', 'こと', 'を', '前提', 'と', 'し', 'た', '場合', '、', '二', '千', '年度', 'における', '一', '人', '当たり', '二酸化炭素', '排出', '量', 'は']",['各般'],NO,各般,NO,NO
77,各般,ではあるが当然相続する地位にあることにかんがみれば、遺言者の意思は右の各般の事情を配慮して、当該遺産を当該相続人をして、他の共同相続人と共にではなく,"['では', 'ある', 'が', '当然', '相続', 'する', '地位', 'に', 'ある', 'こと', 'に', 'かんがみれ', 'ば', '、', '遺言', '者', 'の', '意思', 'は', '右', 'の', '各般', 'の', '事情', 'を', '配慮', 'し', 'て', '、', '当該', '遺産', 'を', '当該', '相続', '人', 'を', 'し', 'て', '、', '他', 'の', '共同', '相続', '人', 'と', '共に', 'で', 'は', 'なく']",['各般'],NO,各般,NO,NO
78,各般,諸事業の推進及び規制緩和の推進，良質な住宅・宅地の整備の促進，土地情報の整備・提供等の各般にわたって，具体的な諸施策が盛り込まれている。このような背景の下に，平成,"['諸', '事業', 'の', '推進', '及び', '規制', '緩和', 'の', '推進', '，', '良質', 'な', '住宅', '・', '宅地', 'の', '整備', 'の', '促進', '，', '土地', '情報', 'の', '整備', '・', '提供', '等', 'の', '各般', 'にわたって', '，', '具体', '的', 'な', '諸', '施策', 'が', '盛り込ま', 'れ', 'て', 'いる', '。', 'この', 'よう', 'な', '背景', 'の', '下', 'に', '，', '平成']",['各般'],NO,各般,NO,NO
79,各般,が従来より一段と活発化し，また，わが国のタイ重視政策とも相まって経済協力を始めとする各般の協力が一層強化された。また，両国間の懸案である貿易不均衡は七十九年には,"['が', '従来', 'より', '一段と', '活発', '化', 'し', '，', 'また', '，', 'わが国', 'の', 'タイ', '重視', '政策', 'とも', '相まって', '経済', '協力', 'を', '始め', 'と', 'する', '各般', 'の', '協力', 'が', '一層', '強化', 'さ', 'れ', 'た', '。', 'また', '，', '両国', '間', 'の', '懸案', 'で', 'ある', '貿易', '不', '均衡', 'は', '七', '十', '九', '年', 'に', 'は']",['各般'],NO,各般,NO,NO
80,各般,形成に当たっては、情報通信技術の活用により生ずる社会経済構造の変化に伴う雇用その他の分野における各般の新たな課題について、適確かつ積極的に対応しなければならない。（国及び地方公共団体の責務）,"['形成', 'に当たって', 'は', '、', '情報', '通信', '技術', 'の', '活用', 'により', '生ずる', '社会', '経済', '構造', 'の', '変化', 'に', '伴う', '雇用', 'その他', 'の', '分野', 'における', '各般', 'の', '新た', 'な', '課題', 'について', '、', '適', '確か', 'つ', '積極', '的', 'に', '対応', 'し', 'なけれ', 'ば', 'なら', 'ない', '。', '（', '国', '及び', '地方', '公共', '団体', 'の', '責務', '）']",['各般'],NO,各般,NO,NO
81,各般,な状況の中で，国は一般製材業，合板製造業等に対して金融，雇用，事業転換等の面で各般の対策を講じた。また，普通合板製造業については，四十九年夏以降著しい供給過剰となり業況が極度,"['な', '状況', 'の', '中', 'で', '，', '国', 'は', '一般', '製材', '業', '，', '合板', '製造', '業', '等', 'に対して', '金融', '，', '雇用', '，', '事業', '転換', '等', 'の', '面', 'で', '各般', 'の', '対策', 'を', '講じ', 'た', '。', 'また', '，', '普通', '合板', '製造', '業', 'について', 'は', '，', '四', '十', '九', '年', '夏', '以降', '著しい', '供給', '過剰', 'と', 'なり', '業況', 'が', '極度']",['各般'],NO,各般,NO,NO
82,各般,を占めるような農業構造をつくる。それで、今、先ほどもいろいろ御議論が出ました各般の基盤整備その他を集中するわけでございますが、もう一つ大事なのは、やっぱり,"['を', '占める', 'よう', 'な', '農業', '構造', 'を', 'つくる', '。', 'それで', '、', '今', '、', '先ほど', 'も', 'いろいろ', '御', '議論', 'が', '出', 'まし', 'た', '各般', 'の', '基盤', '整備', 'その他', 'を', '集中', 'する', 'わけ', 'で', 'ござい', 'ます', 'が', '、', 'もう', '一つ', '大事', 'な', 'の', 'は', '、', 'やっぱり']",['各般'],NO,各般,NO,NO
83,各般,、住宅、投資促進についていわゆる政策減税を実施することとしており、こうした措置は、各般の施策と相まって、消費者や企業のマインドを高め、景気に効果的に作用するもの,"['、', '住宅', '、', '投資', '促進', 'について', 'いわゆる', '政策', '減税', 'を', '実施', 'する', 'こと', 'と', 'し', 'て', 'おり', '、', 'こうした', '措置', 'は', '、', '各般', 'の', '施策', 'と', '相まって', '、', '消費', '者', 'や', '企業', 'の', 'マインド', 'を', '高め', '、', '景気', 'に', '効果', '的', 'に', '作用', 'する', 'もの']",['各般'],NO,各般,NO,NO
84,各般,（児童福祉司，相談員），心理判定員，医師（精神科医，小児科医等），その他専門職員がおり，各般の児童問題の相談を受け，専門的な調査，判定及び指導を行っている。児童相談所,"['（', '児童', '福祉', '司', '，', '相談', '員', '）', '，', '心理', '判定', '員', '，', '医師', '（', '精神', '科', '医', '，', '小児科', '医', '等', '）', '，', 'その他', '専門', '職員', 'が', 'おり', '，', '各般', 'の', '児童', '問題', 'の', '相談', 'を', '受け', '，', '専門', '的', 'な', '調査', '，', '判定', '及び', '指導', 'を', '行っ', 'て', 'いる', '。', '児童', '相談', '所']",['各般'],NO,各般,NO,NO
85,各般,は不可欠の要素である。このため，各研究機関は，昭和五十年度においては，国費等約百八十三億円をもって各般にわたる科学技術の研究，開発に努めた。その主なものは，次のとおりである。,"['は', '不可欠', 'の', '要素', 'で', 'ある', '。', 'この', 'ため', '，', '各', '研究', '機関', 'は', '，', '昭和', '五', '十', '年度', 'において', 'は', '，', '国費', '等', '約', '百', '八', '十', '三', '億', '円', 'をもって', '各般', 'にわたる', '科学', '技術', 'の', '研究', '，', '開発', 'に', '努め', 'た', '。', 'その', '主', 'な', 'もの', 'は', '，', '次', 'の', 'とおり', 'で', 'ある', '。']",['各般'],NO,各般,NO,NO
86,各般,地方公共団体が、安全な地域社会づくりに向け、その使命を十分に果たしていくことができるよう、今後とも各般の施設を強力に展開して、消防防災行政の推進及びその体制の充実強化を図っていく必要,"['地方', '公共', '団体', 'が', '、', '安全', 'な', '地域', '社会', 'づくり', 'に', '向け', '、', 'その', '使命', 'を', '十分', 'に', '果たし', 'て', 'いく', 'こと', 'が', 'できる', 'よう', '、', '今後', 'とも', '各般', 'の', '施設', 'を', '強力', 'に', '展開', 'し', 'て', '、', '消防', '防災', '行政', 'の', '推進', '及び', 'その', '体制', 'の', '充実', '強化', 'を', '図っ', 'て', 'いく', '必要']",['各般'],NO,各般,NO,NO
87,各般,てきているが，踏切事故は前に述べたとおり，運転事故の過半数を占めており，今後とも各般の安全対策を引き続き強力に推進していくことが必要である。次節においては，このよう,"['て', 'き', 'て', 'いる', 'が', '，', '踏切', '事故', 'は', '前', 'に', '述べ', 'た', 'とおり', '，', '運転', '事故', 'の', '過半数', 'を', '占め', 'て', 'おり', '，', '今後', 'とも', '各般', 'の', '安全', '対策', 'を', '引き続き', '強力', 'に', '推進', 'し', 'て', 'いく', 'こと', 'が', '必要', 'で', 'ある', '。', '次節', 'において', 'は', '，', 'この', 'よう']",['各般'],NO,各般,NO,NO
88,各般,。（４）土地政策の総合性・機動性の確保―土地対策関係閣僚会議等の積極的な活用―土地に関する各般の施策を，経済政策等との連携を図りつつ，総合的に実施していくため，土地対策関係閣僚会議等の,"['。', '（', '４', '）', '土地', '政策', 'の', '総合', '性', '・', '機動', '性', 'の', '確保', '―', '土地', '対策', '関係', '閣僚', '会議', '等', 'の', '積極', '的', 'な', '活用', '―', '土地', 'に関する', '各般', 'の', '施策', 'を', '，', '経済', '政策', '等', 'と', 'の', '連携', 'を', '図り', 'つつ', '，', '総合', '的', 'に', '実施', 'し', 'て', 'いく', 'ため', '，', '土地', '対策', '関係', '閣僚', '会議', '等', 'の']",['各般'],NO,各般,NO,NO
89,各般,意欲を持って生産に取り組めるよう、この卵価の安定を初めといたしまして、各般の施策をきめ細かく実施するようにしてまいりたいというぐあいに考えます。○吉浦委員終わり,"['意欲', 'を', '持っ', 'て', '生産', 'に', '取り組める', 'よう', '、', 'この', '卵', '価', 'の', '安定', 'を', '初め', 'と', 'いたし', 'まし', 'て', '、', '各般', 'の', '施策', 'を', 'きめ細かく', '実施', 'する', 'よう', 'に', 'し', 'て', 'まいり', 'たい', 'という', 'ぐあいに', '考え', 'ます', '。', '○', '吉浦', '委員', '終わり']",['各般'],NO,各般,NO,NO
90,各般,の２に規定する情報の提供並びに相談及び指導」を「地域の老人の福祉に関する各般の問題につき、老人、その者を現に養護する者、地域住民その他の者から,"['の', '２', 'に', '規定', 'する', '情報', 'の', '提供', '並びに', '相談', '及び', '指導', '」', 'を', '「', '地域', 'の', '老人', 'の', '福祉', 'に関する', '各般', 'の', '問題', 'に', 'つき', '、', '老人', '、', 'その', '者', 'を', '現に', '養護', 'する', '者', '、', '地域', '住民', 'その他', 'の', '者', 'から']",['各般'],NO,各般,NO,NO
91,各般,ないとの結論が得られ，今後は，今回の事故を契機として，各般の防災対策に関しその内容を充実し，より実効性ある対策をすることが重要であると,"['ない', 'と', 'の', '結論', 'が', '得', 'られ', '，', '今後', 'は', '，', '今回', 'の', '事故', 'を', '契機', 'として', '，', '各般', 'の', '防災', '対策', 'に関し', 'その', '内容', 'を', '充実', 'し', '，', 'より', '実効', '性', 'ある', '対策', 'を', 'する', 'こと', 'が', '重要', 'で', 'ある', 'と']",['各般'],NO,各般,NO,NO
92,各般,による厳しい安全規制を始め、環境放射能調査や、万一をも考慮した予防保全対策及び防災対策を含めた各般の安全確保対策が講じられている。安全規制の一層の充実及び原子力施設の安全性の向上に,"['による', '厳しい', '安全', '規制', 'を', '始め', '、', '環境', '放射能', '調査', 'や', '、', '万一', 'を', 'も', '考慮', 'し', 'た', '予防', '保全', '対策', '及び', '防災', '対策', 'を', '含め', 'た', '各般', 'の', '安全', '確保', '対策', 'が', '講じ', 'られ', 'て', 'いる', '。', '安全', '規制', 'の', '一層', 'の', '充実', '及び', '原子力', '施設', 'の', '安全', '性', 'の', '向上', 'に']",['各般'],NO,各般,NO,NO
93,各般,骨つぼおよび骨箱の支給☆死体の捜索【対象者】行方不明の状態にあり，かつ各般の事情によりすでに死亡していると推定される人【内容】災害発生の日から十日以内（,"['骨つぼ', 'および', '骨', '箱', 'の', '支給', '☆', '死体', 'の', '捜索', '【', '対象', '者', '】', '行方', '不明', 'の', '状態', 'に', 'あり', '，', 'かつ', '各般', 'の', '事情', 'により', 'すでに', '死亡', 'し', 'て', 'いる', 'と', '推定', 'さ', 'れる', '人', '【', '内容', '】', '災害', '発生', 'の', '日', 'から', '十', '日', '以内', '（']",['各般'],NO,各般,NO,NO
94,各般,―世界経済の多極化と相互依存関係の進展―を作成し，政府関係機関，貿易・産業・経済団体，学校等に配付するなど各般の事業を行った。また，六十五年度から実施している貿易関係企業等の職員を対象とした,"['―', '世界', '経済', 'の', '多極化', 'と', '相互', '依存', '関係', 'の', '進展', '―', 'を', '作成', 'し', '，', '政府', '関係', '機関', '，', '貿易', '・', '産業', '・', '経済', '団体', '，', '学校', '等', 'に', '配付', 'する', 'など', '各般', 'の', '事業', 'を', '行っ', 'た', '。', 'また', '，', '六', '十', '五', '年度', 'から', '実施', 'し', 'て', 'いる', '貿易', '関係', '企業', '等', 'の', '職員', 'を', '対象', 'と', 'し', 'た']",['各般'],NO,各般,NO,NO
95,各般,立案及び調整を積極的に行うとともに，関係機関の施策の総合調整等を図るため，災害対策総合推進調整費により各般の調査等を行い，災害対策の総合的推進を図る。（３）防災週間国土庁においては,"['立案', '及び', '調整', 'を', '積極', '的', 'に', '行う', 'とともに', '，', '関係', '機関', 'の', '施策', 'の', '総合', '調整', '等', 'を', '図る', 'ため', '，', '災害', '対策', '総合', '推進', '調整', '費', 'により', '各般', 'の', '調査', '等', 'を', '行い', '，', '災害', '対策', 'の', '総合', '的', '推進', 'を', '図る', '。', '（', '３', '）', '防災', '週間', '国土庁', 'において', 'は']",['各般'],NO,各般,NO,NO
96,各般,，農業生産体質強化総合推進対策を中心に，農業改良資金等の制度資金と十分連携を保ちながら地域の主要作目に係る各般の生産対策を総合的，有機的に推進する。作目別には，地域の実情に応じて,"['，', '農業', '生産', '体質', '強化', '総合', '推進', '対策', 'を', '中心', 'に', '，', '農業', '改良', '資金', '等', 'の', '制度', '資金', 'と', '十分', '連携', 'を', '保ち', 'ながら', '地域', 'の', '主要', '作', '目', 'に', '係る', '各般', 'の', '生産', '対策', 'を', '総合', '的', '，', '有機', '的', 'に', '推進', 'する', '。', '作', '目', '別', 'に', 'は', '，', '地域', 'の', '実情', 'に', '応じ', 'て']",['各般'],NO,各般,NO,NO
97,各般,も、先ほど通産当局から御答弁ございましたように、私どもも協議にあずかっておりますし、各般の観点から協議させていただいたところでございます。この法案につきましては、,"['も', '、', '先', 'ほど', '通産', '当局', 'から', '御', '答弁', 'ござい', 'まし', 'た', 'よう', 'に', '、', '私', 'ども', 'も', '協議', 'に', 'あずかっ', 'て', 'おり', 'ます', 'し', '、', '各般', 'の', '観点', 'から', '協議', 'さ', 'せ', 'て', 'いただい', 'た', 'ところ', 'で', 'ござい', 'ます', '。', 'この', '法案', 'に', 'つき', 'まし', 'て', 'は', '、']",['各般'],NO,各般,NO,NO
98,各般,あわせて進めているところでございます。いずれにしましても、この対策は、各般にわたるいろいろなことを組み合わせてやっていくという必要があると考えておりまして、今後とも,"['あわせ', 'て', '進め', 'て', 'いる', 'ところ', 'で', 'ござい', 'ます', '。', 'いずれ', 'に', 'し', 'まし', 'て', 'も', '、', 'この', '対策', 'は', '、', '各般', 'にわたる', 'いろいろ', 'な', 'こと', 'を', '組み合わせ', 'て', 'やっ', 'て', 'いく', 'という', '必要', 'が', 'ある', 'と', '考え', 'て', 'おり', 'まし', 'て', '、', '今後', 'とも']",['各般'],NO,各般,NO,NO
99,各般,を設置して対処することといたしております。次は十ページをお開きいただきまして、そのほか各般にわたり従来からの対策を総合的に実施することといたしております。それから、十ページの５,"['を', '設置', 'し', 'て', '対処', 'する', 'こと', 'と', 'いたし', 'て', 'おり', 'ます', '。', '次', 'は', '十', 'ページ', 'を', 'お開き', 'いただき', 'まし', 'て', '、', 'その', 'ほか', '各般', 'にわたり', '従来', 'から', 'の', '対策', 'を', '総合', '的', 'に', '実施', 'する', 'こと', 'と', 'いたし', 'て', 'おり', 'ます', '。', 'それから', '、', '十', 'ページ', 'の', '５']",['各般'],NO,各般,NO,NO
100,各般,は，長期かつ総合的対応を要する問題であり，たとえば，所得，健康，福祉サービス，生きがいと各般にわたる総合対策が必要とされる。,"['は', '，', '長期', 'かつ', '総合', '的', '対応', 'を', '要する', '問題', 'で', 'あり', '，', 'たとえば', '，', '所得', '，', '健康', '，', '福祉', 'サービス', '，', '生きがい', 'と', '各般', 'にわたる', '総合', '対策', 'が', '必要', 'と', 'さ', 'れる', '。']",['各般'],NO,各般,NO,NO
101,各般,をお迎えになられたことと、心よりお喜びを申し上げます。昨年は、浦和区政の各般にわたり、区民の皆様にご理解とご協力を賜りましたことを、厚くお礼申し上げます。,"['を', 'お迎え', 'に', 'なら', 'れ', 'た', 'こと', 'と', '、', '心', 'より', 'お', '喜び', 'を', '申し上げ', 'ます', '。', '昨年', 'は', '、', '浦和', '区', '政', 'の', '各般', 'にわたり', '、', '区民', 'の', '皆様', 'に', 'ご', '理解', 'と', 'ご', '協力', 'を', '賜り', 'まし', 'た', 'こと', 'を', '、', '厚く', 'お礼', '申し上げ', 'ます', '。']",['各般'],NO,各般,NO,NO
102,各般,か、今後どういうふうに取り組んでいこうとするか、この辺のことについて、各般にわたりますので、各省庁からまずお聞きをしておきたい、こう思うのであります。最初,"['か', '、', '今後', 'どういう', 'ふう', 'に', '取り組ん', 'で', 'いこ', 'う', 'と', 'する', 'か', '、', 'この', '辺', 'の', 'こと', 'について', '、', '各般', 'に', 'わたり', 'ます', 'ので', '、', '各', '省庁', 'から', 'まず', 'お', '聞き', 'を', 'し', 'て', 'おき', 'たい', '、', 'こう', '思う', 'の', 'で', 'あり', 'ます', '。', '最初']",['各般'],NO,各般,NO,NO
103,各般,あり方、資本注入の際の経営者責任・株主責任の明確化、強制的資本注入の妥当性、六十兆円の公的資金枠の積算根拠等、各般にわたり熱心な質疑が行われましたが、その詳細は会議録に譲ります。衆議院提出,"['あり方', '、', '資本', '注入', 'の', '際', 'の', '経営', '者', '責任', '・', '株主', '責任', 'の', '明確', '化', '、', '強制', '的', '資本', '注入', 'の', '妥当', '性', '、', '六', '十', '兆', '円', 'の', '公的', '資金', '枠', 'の', '積算', '根拠', '等', '、', '各般', 'にわたり', '熱心', 'な', '質疑', 'が', '行わ', 'れ', 'まし', 'た', 'が', '、', 'その', '詳細', 'は', '会議', '録', 'に', '譲り', 'ます', '。', '衆議院', '提出']",['各般'],NO,各般,NO,NO
104,各般,なことであろうと考えております。したがいまして、厚生省としては、予防からリハビリに至るまで各般の現在進めております事業をさらに強化してまいりたいと存じております。○永井委員強化し,"['な', 'こと', 'で', 'あろ', 'う', 'と', '考え', 'て', 'おり', 'ます', '。', 'したがい', 'まし', 'て', '、', '厚生省', 'として', 'は', '、', '予防', 'から', 'リハビリ', 'に', '至る', 'まで', '各般', 'の', '現在', '進め', 'て', 'おり', 'ます', '事業', 'を', 'さらに', '強化', 'し', 'て', 'まいり', 'たい', 'と', '存じ', 'て', 'おり', 'ます', '。', '○', '永井', '委員', '強化', 'し']",['各般'],NO,各般,NO,NO
105,各般,な対応の確保、こういうことを図るために、補助だとか高度化無利子融資、低利融資等、各般の支援措置を講じてきております。さらに、平成九年度の政府予算案においては、情報技術の活用,"['な', '対応', 'の', '確保', '、', 'こういう', 'こと', 'を', '図る', 'ため', 'に', '、', '補助', 'だ', 'とか', '高度', '化', '無', '利子', '融資', '、', '低利', '融資', '等', '、', '各般', 'の', '支援', '措置', 'を', '講じ', 'て', 'き', 'て', 'おり', 'ます', '。', 'さらに', '、', '平成', '九', '年度', 'の', '政府', '予算', '案', 'において', 'は', '、', '情報', '技術', 'の', '活用']",['各般'],NO,各般,NO,NO
106,各般,に向けて準備が進められている。また，流通改善大綱（昭和六十三年３月）に基づく各般の措置が逐次実施されてきており，販売業者の新規参入等が行われた。（２）,"['に', '向け', 'て', '準備', 'が', '進め', 'られ', 'て', 'いる', '。', 'また', '，', '流通', '改善', '大綱', '（', '昭和', '六', '十', '三', '年', '３月', '）', 'に', '基づく', '各般', 'の', '措置', 'が', '逐次', '実施', 'さ', 'れ', 'て', 'き', 'て', 'おり', '，', '販売', '業者', 'の', '新規', '参入', '等', 'が', '行わ', 'れ', 'た', '。', '（', '２', '）']",['各般'],NO,各般,NO,NO
107,各般,に策定し、その方針に基づき所要に措置を講ずることを始め、医療保険制度の改革に関する各般の課題について改革を進めることが規定されている。図３‐２‐十一自己負担限度額等,"['に', '策定', 'し', '、', 'その', '方針', 'に', '基づき', '所要', 'に', '措置', 'を', '講ずる', 'こと', 'を', '始め', '、', '医療', '保険', '制度', 'の', '改革', 'に関する', '各般', 'の', '課題', 'について', '改革', 'を', '進める', 'こと', 'が', '規定', 'さ', 'れ', 'て', 'いる', '。', '図', '３', '‐', '２', '‐', '十', '一', '自己', '負担', '限度', '額', '等']",['各般'],NO,各般,NO,NO
108,各般,原子力防災体制及び諸対策を基本的に変更すべき必要性は見い出されないとの結論を述べるとともに、各般の防災対策に関し、その内容を更に充実し、より実効性ある対策とすることが肝要,"['原子力', '防災', '体制', '及び', '諸', '対策', 'を', '基本', '的', 'に', '変更', 'す', 'べき', '必要', '性', 'は', '見い出さ', 'れ', 'ない', 'と', 'の', '結論', 'を', '述べる', 'とともに', '、', '各般', 'の', '防災', '対策', 'に関し', '、', 'その', '内容', 'を', '更に', '充実', 'し', '、', 'より', '実効', '性', 'ある', '対策', 'と', 'する', 'こと', 'が', '肝要']",['各般'],NO,各般,NO,NO
109,各般,地方都市をどれだけ県内に育て、抱えることができるかが、最大の鍵となっており、各般の施策によるその積極的な推進、支援が必要である。（３）地域交流の活発化,"['地方', '都市', 'を', 'どれ', 'だけ', '県内', 'に', '育て', '、', '抱える', 'こと', 'が', 'できる', 'か', 'が', '、', '最大', 'の', '鍵', 'と', 'なっ', 'て', 'おり', '、', '各般', 'の', '施策', 'による', 'その', '積極', '的', 'な', '推進', '、', '支援', 'が', '必要', 'で', 'ある', '。', '（', '３', '）', '地域', '交流', 'の', '活発', '化']",['各般'],NO,各般,NO,NO
110,各般,関係の事業を持っていらっしゃる市町村の負担等を考えられまして、都道府県でもそれぞれ各般の施策を実施していらっしゃることは承知しておりますが、そういったような広範な,"['関係', 'の', '事業', 'を', '持っ', 'て', 'いらっしゃる', '市町村', 'の', '負担', '等', 'を', '考え', 'られ', 'まし', 'て', '、', '都道府県', 'で', 'も', 'それぞれ', '各般', 'の', '施策', 'を', '実施', 'し', 'て', 'いらっしゃる', 'こと', 'は', '承知', 'し', 'て', 'おり', 'ます', 'が', '、', 'そういった', 'よう', 'な', '広範', 'な']",['各般'],NO,各般,NO,NO
111,各般,向上の問題について承りたいと思います。これについてもいろんな問題があるわけです、各般にわたって。ございますが、ハワイの事務レベル会談でも大きな問題点になった。そして、日米間,"['向上', 'の', '問題', 'について', '承り', 'たい', 'と', '思い', 'ます', '。', 'これ', 'について', 'も', 'いろんな', '問題', 'が', 'ある', 'わけ', 'です', '、', '各般', 'にわたって', '。', 'ござい', 'ます', 'が', '、', 'ハワイ', 'の', '事務', 'レベル', '会談', 'で', 'も', '大きな', '問題', '点', 'に', 'なっ', 'た', '。', 'そして', '、', '日', '米', '間']",['各般'],NO,各般,NO,NO
112,各般,なくして成長なしとの理念のもと、不良債権処理や財政赤字の拡大阻止に象徴されるような各般の構造改革に取り組んでまいりました。こうした取り組みにより、昨年は、日本経済が,"['なくし', 'て', '成長', 'なし', 'と', 'の', '理念', 'の', 'もと', '、', '不良', '債権', '処理', 'や', '財政', '赤字', 'の', '拡大', '阻止', 'に', '象徴', 'さ', 'れる', 'よう', 'な', '各般', 'の', '構造', '改革', 'に', '取り組ん', 'で', 'まいり', 'まし', 'た', '。', 'こうした', '取り組み', 'により', '、', '昨年', 'は', '、', '日本', '経済', 'が']",['各般'],NO,各般,NO,NO
113,各般,か、あるいは在日韓国人の代表の皆様方の御意見、あるいは学者の学問上どうだとか、各般にわたる方々から御意見も聴取したり、党内での論議に精力的に実は取り組んできたところ,"['か', '、', 'あるいは', '在日', '韓国', '人', 'の', '代表', 'の', '皆様', '方', 'の', '御', '意見', '、', 'あるいは', '学者', 'の', '学問', '上', 'どう', 'だ', 'とか', '、', '各般', 'にわたる', '方々', 'から', '御', '意見', 'も', '聴取', 'し', 'たり', '、', '党内', 'で', 'の', '論議', 'に', '精力', '的', 'に', '実は', '取り組ん', 'で', 'き', 'た', 'ところ']",['各般'],NO,各般,NO,NO
114,各般,は、簡易生命保険事業における特別会計余裕金の郵政省による自主運用問題、資金運用利回りの向上策、加入者福祉施設運営のあり方、その他各般の問題について熱心な質疑が行われましたが、詳細は会議録に譲ります。,"['は', '、', '簡易', '生命', '保険', '事業', 'における', '特別', '会計', '余裕', '金', 'の', '郵政省', 'による', '自主', '運用', '問題', '、', '資金', '運用', '利回り', 'の', '向上', '策', '、', '加入', '者', '福祉', '施設', '運営', 'の', 'あり方', '、', 'その他', '各般', 'の', '問題', 'について', '熱心', 'な', '質疑', 'が', '行わ', 'れ', 'まし', 'た', 'が', '、', '詳細', 'は', '会議', '録', 'に', '譲り', 'ます', '。']",['各般'],NO,各般,NO,NO
115,各般,については、市場行政といたしましては、市場の作業の機械化とか、その他各般のことを重点的にやっておりまして、農林省が直接消費者に対してお答えする大事な窓口である,"['について', 'は', '、', '市場', '行政', 'と', 'いたし', 'まし', 'て', 'は', '、', '市場', 'の', '作業', 'の', '機械', '化', 'とか', '、', 'その他', '各般', 'の', 'こと', 'を', '重点的', 'に', 'やっ', 'て', 'おり', 'まし', 'て', '、', '農林省', 'が', '直接', '消費', '者', 'に対して', 'お答え', 'する', '大事', 'な', '窓口', 'で', 'ある']",['各般'],NO,各般,NO,NO
116,各般,を増してきている。また今日の社会の進展に伴い、国および地方を通ずる各般の行政分野において、それぞれその固有の行政目的の達成のために行なう施策で教育的側面をもつ,"['を', '増し', 'て', 'き', 'て', 'いる', '。', 'また', '今日', 'の', '社会', 'の', '進展', 'に', '伴い', '、', '国', 'および', '地方', 'を', '通ずる', '各般', 'の', '行政', '分野', 'において', '、', 'それぞれ', 'その', '固有', 'の', '行政', '目的', 'の', '達成', 'の', 'ため', 'に', '行なう', '施策', 'で', '教育', '的', '側面', 'を', 'もつ']",['各般'],NO,各般,NO,NO
117,各般,。社会教育行政が、それらをその視野の中に含め、それらとの関連を考慮しつつ各般の施策を進めていくことは、きわめて重要なことであるが、ここでは当面、,"['。', '社会', '教育', '行政', 'が', '、', 'それら', 'を', 'その', '視野', 'の', '中', 'に', '含め', '、', 'それら', 'と', 'の', '関連', 'を', '考慮', 'し', 'つつ', '各般', 'の', '施策', 'を', '進め', 'て', 'いく', 'こと', 'は', '、', 'きわめて', '重要', 'な', 'こと', 'で', 'ある', 'が', '、', 'ここ', 'で', 'は', '当面', '、']",['各般'],NO,各般,NO,NO
118,各般,自由化、国際化に関する当面の展望」を発表し、その後、その方向に沿って、各般の措置が講じられてきているところであります。さらに、先物市場の整備拡充につきまして,"['自由', '化', '、', '国際', '化', 'に関する', '当面', 'の', '展望', '」', 'を', '発表', 'し', '、', 'その後', '、', 'その', '方向', 'に', '沿っ', 'て', '、', '各般', 'の', '措置', 'が', '講じ', 'られ', 'て', 'き', 'て', 'いる', 'ところ', 'で', 'あり', 'ます', '。', 'さらに', '、', '先物', '市場', 'の', '整備', '拡充', 'に', 'つき', 'まし', 'て']",['各般'],NO,各般,NO,NO
119,各般,あるいは関係省庁の御協力も得まして森林整備の担い手対策のための基金の造成という地財措置等の各般の施策を講ずることとしているところでございます。また、あわせて労働基準法に林業,"['あるいは', '関係', '省庁', 'の', '御', '協力', 'も', '得', 'まし', 'て', '森林', '整備', 'の', '担い手', '対策', 'の', 'ため', 'の', '基金', 'の', '造成', 'という', '地', '財', '措置', '等', 'の', '各般', 'の', '施策', 'を', '講ずる', 'こと', 'と', 'し', 'て', 'いる', 'ところ', 'で', 'ござい', 'ます', '。', 'また', '、', 'あわせ', 'て', '労働', '基準', '法', 'に', '林業']",['各般'],NO,各般,NO,NO
120,各般,れる消費税については、便乗値上げの防止に配慮しながら、その円滑で適正な転嫁のため各般にわたりきめ細かな対策を実施することとしております。どのような税制も、その導入当初,"['れる', '消費', '税', 'について', 'は', '、', '便乗', '値上げ', 'の', '防止', 'に', '配慮', 'し', 'ながら', '、', 'その', '円滑', 'で', '適正', 'な', '転嫁', 'の', 'ため', '各般', 'にわたり', 'きめ細か', 'な', '対策', 'を', '実施', 'する', 'こと', 'と', 'し', 'て', 'おり', 'ます', '。', 'どの', 'よう', 'な', '税制', 'も', '、', 'その', '導入', '当初']",['各般'],NO,各般,NO,NO
121,各般,どうしたらいいか、あるいは養鶏の長期展望はどうなっているか、そういった中で各般の問題が検討されるというふうに聞いております。養鶏の計画生産につきまして、,"['どう', 'し', 'たら', 'いい', 'か', '、', 'あるいは', '養鶏', 'の', '長期', '展望', 'は', 'どう', 'なっ', 'て', 'いる', 'か', '、', 'そういった', '中', 'で', '各般', 'の', '問題', 'が', '検討', 'さ', 'れる', 'という', 'ふう', 'に', '聞い', 'て', 'おり', 'ます', '。', '養鶏', 'の', '計画', '生産', 'に', 'つき', 'まし', 'て', '、']",['各般'],NO,各般,NO,NO
122,各般,が欲しいものだと私ども常々念願しております。現在、施設の老朽度に応じまして各般でございまして、もう少しきれいな部屋、明るい雰囲気のところにしたいと思い,"['が', '欲しい', 'もの', 'だ', 'と', '私', 'ども', '常々', '念願', 'し', 'て', 'おり', 'ます', '。', '現在', '、', '施設', 'の', '老朽', '度', 'に', '応じ', 'まし', 'て', '各般', 'で', 'ござい', 'まし', 'て', '、', 'もう少し', 'きれい', 'な', '部屋', '、', '明るい', '雰囲気', 'の', 'ところ', 'に', 'し', 'たい', 'と', '思い']",['各般'],NO,各般,NO,NO
123,各般,を初め関係者に正しく理解されることが不可欠でございます。このため、政府としては各般の周知徹底を図るわけでございますが、具体的に、国民生活センターにおきましては、,"['を', '初め', '関係', '者', 'に', '正しく', '理解', 'さ', 'れる', 'こと', 'が', '不可欠', 'で', 'ござい', 'ます', '。', 'この', 'ため', '、', '政府', 'として', 'は', '各般', 'の', '周知', '徹底', 'を', '図る', 'わけ', 'で', 'ござい', 'ます', 'が', '、', '具体', '的', 'に', '、', '国民', '生活', 'センター', 'におきまして', 'は', '、']",['各般'],NO,各般,NO,NO
124,各般,の基本的方向を示したものであり，国においてもこの報告書の考え方を基調として各般の施策の展開を図ることが必要である。３産業廃棄物に係る調査研究厚生省で,"['の', '基本', '的', '方向', 'を', '示し', 'た', 'もの', 'で', 'あり', '，', '国', 'において', 'も', 'この', '報告', '書', 'の', '考え方', 'を', '基調', 'として', '各般', 'の', '施策', 'の', '展開', 'を', '図る', 'こと', 'が', '必要', 'で', 'ある', '。', '３', '産業', '廃棄', '物', 'に', '係る', '調査', '研究', '厚生省', 'で']",['各般'],NO,各般,NO,NO
