,compound unit,context,segmented,split units,the unit is split,compound unit form,unexpected segmentation,unexpected joining
0,各部,からアイロンをかけます。地直しをしたあと，型紙を布の方向に合わせ，各部に必要な縫いしろの分量を考えて配置し，裁ち切り線にしるしをつけてから裁断します,"['から', 'アイロン', 'を', 'かけ', 'ます', '。', '地', '直し', 'を', 'した', 'あと', '，', '型紙', 'を', '布', 'の', '方向', 'に', '合わせ', '，', '各', '部', 'に', '必要な', '縫い', 'しろ', 'の', '分量', 'を', '考えて', '配置', 'し', '，', '裁ち切り', '線', 'に', 'しるし', 'を', 'つけて', 'から', '裁断', 'し', 'ます']","['各', '部']",YES,各部,NO,NO
1,各部,では、三項目であったが、これらは、いずれも、日本語と韓国語に共通して各部のなかでももっとも多くの慣用句を生み出すものばかりである。そうして、例えば、「,"['では', '、', '三', '項', '目', 'であった', 'が', '、', 'これ', 'ら', 'は', '、', 'いずれ', 'も', '、', '日本', '語', 'と', '韓国', '語', 'に', '共通', 'して', '各', '部', 'の', 'なか', 'でも', 'もっとも', '多く', 'の', '慣用句', 'を', '生み', '出す', 'もの', 'ばかり', 'である', '。', 'そうして', '、', '例えば', '、', '「']","['各', '部']",YES,各部,NO,NO
2,各部,〔貞一〕大佐、馬奈木〔敬信〕中佐等とともにすみやかに処理すべき必要を進言す。すなわち陸軍の各部が各別に行動し軍の意思が一途にいでざるよう考えらる。よろしく各責任者は官邸,"['〔', '貞', '一', '〕', '大佐', '、', '馬', '奈木', '〔', '敬', '信', '〕', '中佐', '等', 'と', 'ともに', 'すみやかに', '処理', 'す', 'べき', '必要', 'を', '進言', 'す', '。', 'すなわち', '陸軍', 'の', '各', '部', 'が', '各', '別に', '行動', 'し', '軍', 'の', '意思', 'が', '一途に', 'いで', 'ざる', 'よう', '考え', 'ら', 'る', '。', 'よろしく', '各', '責任', '者', 'は', '官邸']","['各', '部']",YES,各部,NO,NO
3,各部,その横幅を目一杯使いドライバーを包み込む様に埋め込まれた多連メーターパネル。各部にちりばめられたクロームパーツ・・・今じゃすっかり見なくなった三角窓・,"['その', '横幅', 'を', '目一杯', '使い', 'ドライバー', 'を', '包み', '込む', '様', 'に', '埋め', '込ま', 'れた', '多', '連', 'メーターパネル', '。', '各', '部', 'に', 'ちりばめ', 'られた', 'クロームパーツ', '・', '・', '・', '今', 'じゃ', 'すっかり', '見', 'なく', 'なった', '三角', '窓', '・']","['各', '部']",YES,各部,NO,NO
4,各部,．このようなズレを緩和する目的で，いったんＭｓ点近傍の温度に保った熱浴に投入保持し，各部が同じ温度になってから改めて焼入れする操作をマルテンパと称する．通常熱浴から引き上げて,"['．', 'このような', 'ズレ', 'を', '緩和', 'する', '目的', 'で', '，', 'いったん', 'Ｍｓ', '点', '近傍', 'の', '温度', 'に', '保った', '熱', '浴', 'に', '投入', '保持', 'し', '，', '各', '部', 'が', '同じ', '温度', 'に', 'なって', 'から', '改めて', '焼入れ', 'する', '操作', 'を', 'マルテンパ', 'と', '称する', '．', '通常', '熱', '浴', 'から', '引き上げて']","['各', '部']",YES,各部,NO,NO
5,各部,という行為に働き、結果、全身で叩っ斬るという演技が生み出される。また、各部の形状的な解釈は、手足等一連の動作が流れるような自然さを生むべく、応力設定を,"['と', 'いう', '行為', 'に', '働き', '、', '結果', '、', '全身', 'で', '叩', 'っ', '斬る', 'と', 'いう', '演技', 'が', '生み', '出さ', 'れる', '。', 'また', '、', '各', '部', 'の', '形状', '的な', '解釈', 'は', '、', '手足', '等', '一連の', '動作', 'が', '流れる', 'ような', '自然', 'さ', 'を', '生む', 'べく', '、', '応力', '設定', 'を']","['各', '部']",YES,各部,NO,NO
6,各部,ずあんまり先走ったことはよそう。ポツポツいこうじゃないか。とにかく落ち着いてやりたいから、各部でもそういう方針でやってもらいたい」と、ざっくばらんに私の編集に対する心構えと,"['ず', 'あんまり', '先走った', 'こと', 'は', 'よ', 'そう', '。', 'ポツポツ', 'いこう', 'じゃ', 'ない', 'か', '。', 'とにかく', '落ち着いて', 'やり', 'たい', 'から', '、', '各', '部', 'でも', 'そういう', '方針', 'で', 'やって', 'もらい', 'たい', '」', 'と', '、', 'ざっくばらんに', '私', 'の', '編集', 'に', '対する', '心構え', 'と']","['各', '部']",YES,各部,NO,NO
7,各部,ものである。マンジャロッティーの感性と力学的な冷静な判断が、椅子の構造上必要な各部を一体化して、３次元曲面での構成を実現化させている。スプーンを曲げたような独特,"['もの', 'である', '。', 'マンジャロッティー', 'の', '感性', 'と', '力学', '的な', '冷静な', '判断', 'が', '、', '椅子', 'の', '構造', '上', '必要な', '各', '部', 'を', '一体', '化して', '、', '３', '次元', '曲面', 'で', 'の', '構成', 'を', '実現', '化', 'さ', 'せて', 'いる', '。', 'スプーン', 'を', '曲げた', 'ような', '独特']","['各', '部']",YES,各部,NO,NO
8,各部,。細部の形は、粘土で実際に作りながら決めていきます。輪郭と各部の大きさ・位置は雑誌などで、作るイメージの顔と似たようなものを探して,"['。', '細部', 'の', '形', 'は', '、', '粘土', 'で', '実際', 'に', '作り', 'ながら', '決めて', 'いき', 'ます', '。', '輪郭', 'と', '各', '部', 'の', '大き', 'さ', '・', '位置', 'は', '雑誌', 'など', 'で', '、', '作る', 'イメージ', 'の', '顔', 'と', '似た', 'ような', 'もの', 'を', '探して']","['各', '部']",YES,各部,NO,NO
9,各部,力いっぱい叩っ斬る」演技としました。まあ、これも前作の再挑戦として、関節や各部の解釈を、新しい解釈で色々と試してみたかったってことですね。ちなみにこの,"['力いっぱい', '叩', 'っ', '斬る', '」', '演技', 'と', 'し', 'ました', '。', 'まあ', '、', 'これ', 'も', '前作', 'の', '再', '挑戦', 'と', 'して', '、', '関節', 'や', '各', '部', 'の', '解釈', 'を', '、', '新しい', '解釈', 'で', '色々', 'と', '試して', 'み', 'たかった', 'って', 'こと', 'です', 'ね', '。', 'ちなみに', 'この']","['各', '部']",YES,各部,NO,NO
10,各部,、メルセデスエンジンに大きな負担をかけることになってしまった。あまりにも過激にコンパクト化したマシンは各部で不具合が生じ、尖った性格のマシンになってしまったのだ。リヤサスペンションにも特殊,"['、', 'メルセデスエンジン', 'に', '大きな', '負担', 'を', 'かける', 'こと', 'に', 'なって', 'しまった', '。', 'あまりに', 'も', '過激に', 'コンパクト', '化', 'した', 'マシン', 'は', '各', '部', 'で', '不', '具合', 'が', '生じ', '、', '尖った', '性格', 'の', 'マシン', 'に', 'なって', 'しまった', 'のだ', '。', 'リヤサスペンション', 'に', 'も', '特殊']","['各', '部']",YES,各部,NO,NO
11,各部,にして二千番弱のものが、Ｍ符号付きであった。ニコンＳの時代になると、各部の工作は格段に良くなってくる。ボディーの砂型鋳物にも加工の跡がなくなり、,"['に', 'して', '二千', '番', '弱', 'の', 'もの', 'が', '、', 'Ｍ', '符号', '付き', 'であった', '。', 'ニコン', 'Ｓ', 'の', '時代', 'に', 'なる', 'と', '、', '各', '部', 'の', '工作', 'は', '格段に', '良く', 'なって', 'くる', '。', 'ボディー', 'の', '砂', '型', '鋳物', 'に', 'も', '加工', 'の', '跡', 'が', 'なくなり', '、']","['各', '部']",YES,各部,NO,NO
12,各部,千九百六十四年（昭和三十九年）「団結の年」は、会長山本伸一が各部の友に贈った、四首の和歌で幕を開いた。黎明の我等が,"['千九百六十四', '年', '（', '昭和', '三十九', '年', '）', '「', '団結', 'の', '年', '」', 'は', '、', '会長', '山本', '伸一', 'が', '各', '部', 'の', '友', 'に', '贈った', '、', '四', '首', 'の', '和歌', 'で', '幕', 'を', '開いた', '。', '黎明', 'の', '我', '等', 'が']","['各', '部']",YES,各部,NO,NO
13,各部,は当然の装備▲徹底した防水対策はタイロッドにタミヤのラバーバッグを使用。さらにスポンジを各部に追加して万全▲アンダーカウルはシャシーへきっちりとネジ４本で固定して、脱落などの,"['は', '当然の', '装備', '▲', '徹底', 'した', '防水', '対策', 'は', 'タイロッド', 'に', 'タミヤ', 'の', 'ラバー', 'バッグ', 'を', '使用', '。', 'さらに', 'スポンジ', 'を', '各', '部', 'に', '追加', 'して', '万全', '▲', 'アンダーカウル', 'は', 'シャシー', 'へ', 'きっちり', 'と', 'ネジ', '４', '本', 'で', '固定', 'して', '、', '脱落', 'など', 'の']","['各', '部']",YES,各部,NO,NO
14,各部,。原稿をセットしようスキャナの接続とソフトウェアのインストールが終わったら、次に、スキャナの各部の名称と機能を確認して、原稿をセットするまでを学習しましょう。スキャナ各部の名前と,"['。', '原稿', 'を', 'セット', 'しよう', 'スキャナ', 'の', '接続', 'と', 'ソフトウェア', 'の', 'インストール', 'が', '終わったら', '、', '次に', '、', 'スキャナ', 'の', '各', '部', 'の', '名称', 'と', '機能', 'を', '確認', 'して', '、', '原稿', 'を', 'セット', 'する', 'まで', 'を', '学習', 'し', 'ましょう', '。', 'スキャナ', '各', '部', 'の', '名前', 'と']","['各', '部']",YES,各部,NO,NO
15,各部,。原稿をセットしようスキャナの接続とソフトウェアのインストールが終わったら、次に、スキャナの各部の名称と機能を確認して、原稿をセットするまでを学習しましょう。スキャナ各部の名前と,"['。', '原稿', 'を', 'セット', 'しよう', 'スキャナ', 'の', '接続', 'と', 'ソフトウェア', 'の', 'インストール', 'が', '終わったら', '、', '次に', '、', 'スキャナ', 'の', '各', '部', 'の', '名称', 'と', '機能', 'を', '確認', 'して', '、', '原稿', 'を', 'セット', 'する', 'まで', 'を', '学習', 'し', 'ましょう', '。', 'スキャナ', '各', '部', 'の', '名前', 'と']","['各', '部']",YES,各部,NO,NO
16,各部,の殺害を暗闇の中に設定したので、こうした照明器具が自分の身体の各部に必要であった。この地方では、夜間川漁をするとき懐中電燈一個を手拭など,"['の', '殺害', 'を', '暗闇', 'の', '中', 'に', '設定', 'した', 'ので', '、', 'こうした', '照明', '器具', 'が', '自分', 'の', '身体', 'の', '各', '部', 'に', '必要であった', '。', 'この', '地方', 'で', 'は', '、', '夜間', '川', '漁', 'を', 'する', 'とき', '懐中', '電燈', '一', '個', 'を', '手拭', 'など']","['各', '部']",YES,各部,NO,NO
17,各部,「うんっ」あたしは、力いっぱいうなずく。もう、春もおわりにさしかかり、各部の新入部員の争奪戦も、とっくに静まっているころよ。いまさら、入部なんて、ね,"['「', 'うん', 'っ', '」', 'あたし', 'は', '、', '力いっぱい', 'うなずく', '。', 'もう', '、', '春', 'も', 'おわり', 'に', 'さしかかり', '、', '各', '部', 'の', '新入', '部員', 'の', '争奪', '戦', 'も', '、', 'とっくに', '静まって', 'いる', 'ころ', 'よ', '。', 'いまさら', '、', '入部', 'なんて', '、', 'ね']","['各', '部']",YES,各部,NO,NO
18,各部,バランスをうまくとる６‐２緊張度のチェックリスト仕事の前日や当日に、体の各部や心に注意を払って３段階評価する。左に答えが片寄っていれば緊張が高まっている,"['バランス', 'を', 'うまく', 'とる', '６', '‐', '２', '緊張', '度', 'の', 'チェック', 'リスト', '仕事', 'の', '前日', 'や', '当日', 'に', '、', '体', 'の', '各', '部', 'や', '心', 'に', '注意', 'を', '払って', '３', '段階', '評価', 'する', '。', '左', 'に', '答え', 'が', '片', '寄って', 'いれば', '緊張', 'が', '高まって', 'いる']","['各', '部']",YES,各部,NO,NO
19,各部,に掛かっている。マティスの牧歌的な裸婦像が、ここにまた登場している。デュシャンは、各部を分ける黒い線、ほぼ三角形の構図、そして木の梢など、マティスの作品から,"['に', '掛かって', 'いる', '。', 'マティス', 'の', '牧歌', '的な', '裸婦', '像', 'が', '、', 'ここに', 'また', '登場', 'して', 'いる', '。', 'デュシャン', 'は', '、', '各', '部', 'を', '分ける', '黒い', '線', '、', 'ほぼ', '三', '角形', 'の', '構図', '、', 'そして', '木', 'の', '梢', 'など', '、', 'マティス', 'の', '作品', 'から']","['各', '部']",YES,各部,NO,NO
20,各部,に重要視される傾向がある．建築史上では，古い建物の調査を行う場合，各部の寸法を計測しながら図面化していく．図面化することで建物の特長を顕在化することになる．つまり，,"['に', '重要', '視', 'さ', 'れる', '傾向', 'が', 'ある', '．', '建築', '史上', 'で', 'は', '，', '古い', '建物', 'の', '調査', 'を', '行う', '場合', '，', '各', '部', 'の', '寸法', 'を', '計測', 'し', 'ながら', '図面', '化', 'して', 'いく', '．', '図面', '化', 'する', 'こと', 'で', '建物', 'の', '特長', 'を', '顕在', '化', 'する', 'こと', 'に', 'なる', '．', 'つまり', '，']","['各', '部']",YES,各部,NO,NO
21,各部,ところ市民会館小ホール前◆内容創作こけし作家の作品鑑賞、絵付け体験◆講師渋川こけし人形会の皆さん◆定員各部十五人（先着順）◆参加料五百円（材料費・当日集めます）◆持参するもの筆記用具、ぞうきん,"['ところ', '市民', '会館', '小', 'ホール', '前', '◆', '内容', '創作', 'こけし', '作家', 'の', '作品', '鑑賞', '、', '絵', '付け', '体験', '◆', '講師', '渋川', 'こけし', '人形', '会', 'の', '皆さん', '◆', '定員', '各', '部', '十五', '人', '（', '先着', '順', '）', '◆', '参加', '料', '五百', '円', '（', '材料', '費', '・', '当日', '集め', 'ます', '）', '◆', '持参', 'する', 'もの', '筆記', '用具', '、', 'ぞうきん']","['各', '部']",YES,各部,NO,NO
22,各部,と二番目のオペラ『火の飢饉』作品五十である。『英雄の生涯』はその各部の区分を見ると、これまでの意味における交響詩よりは、古典的な交響曲に近い,"['と', '二', '番', '目', 'の', 'オペラ', '『', '火', 'の', '飢饉', '』', '作品', '五十', 'である', '。', '『', '英雄', 'の', '生涯', '』', 'は', 'その', '各', '部', 'の', '区分', 'を', '見る', 'と', '、', 'これ', 'まで', 'の', '意味', 'に', 'おける', '交響', '詩', 'より', 'は', '、', '古典', '的な', '交響', '曲', 'に', '近い']","['各', '部']",YES,各部,NO,NO
23,各部,下がったことを週刊誌が伝えると、その週刊誌の切りぬきが、どこからともなく各部の部屋に張りだされる、というような陰微な出来事もあったのです。新しい,"['下がった', 'こと', 'を', '週刊', '誌', 'が', '伝える', 'と', '、', 'その', '週刊', '誌', 'の', '切り', 'ぬき', 'が', '、', 'どこ', 'から', 'と', 'も', 'なく', '各', '部', 'の', '部屋', 'に', '張りださ', 'れる', '、', 'と', 'いう', 'ような', '陰', '微', 'な', '出来事', 'も', 'あった', 'のです', '。', '新しい']","['各', '部']",YES,各部,NO,NO
24,各部,余録英語のコリドー（ｃｏｒｒｉｄｏｒ）は建物の各部をつなぐ廊下、回廊のことだ。都市と港を結ぶ細長い地帯を回廊地域、指定さ,"['余録', '英語', 'の', 'コリドー', '（', 'ｃｏｒｒｉｄｏｒ', '）', 'は', '建物', 'の', '各', '部', 'を', 'つなぐ', '廊下', '、', '回廊', 'の', 'こと', 'だ', '。', '都市', 'と', '港', 'を', '結ぶ', '細長い', '地帯', 'を', '回廊', '地域', '、', '指定', 'さ']","['各', '部']",YES,各部,NO,NO
25,各部,には目標がいかに達成されたかを評価する目標管理制度を導入しています。平成二十年度の各部の目標をお知らせします。※部や課の前年度の目標やその成果は市ホームページに,"['に', 'は', '目標', 'が', 'いかに', '達成', 'さ', 'れた', 'か', 'を', '評価', 'する', '目標', '管理', '制度', 'を', '導入', 'して', 'い', 'ます', '。', '平成', '二十', '年度', 'の', '各', '部', 'の', '目標', 'を', 'お', '知らせ', 'し', 'ます', '。', '※', '部', 'や', '課', 'の', '前', '年度', 'の', '目標', 'や', 'その', '成果', 'は', '市', 'ホームページ', 'に']","['各', '部']",YES,各部,NO,NO
26,各部,顔の上にはいくつものツボが重なり合っている図１の方法で全身の各部を分類し、１年十二か月の月日の流れに組み込み、そこへ図１と同じように,"['顔', 'の', '上', 'に', 'は', 'いく', 'つ', 'も', 'の', 'ツボ', 'が', '重なり', '合って', 'いる', '図', '１', 'の', '方法', 'で', '全身', 'の', '各', '部', 'を', '分類', 'し', '、', '１', '年', '十二', 'か月', 'の', '月日', 'の', '流れ', 'に', '組み', '込み', '、', 'そこ', 'へ', '図', '１', 'と', '同じ', 'ように']","['各', '部']",YES,各部,NO,NO
27,各部,もちろん、司会進行について」五時限目にある部活紹介は、東ビ大附属の毎年恒例行事である。各部が体育館でさまざまなパフォーマンスを行い、持ち時間内で新入生たちへＰＲを行っていく。新入生にとって,"['もちろん', '、', '司会', '進行', 'に', 'ついて', '」', '五', '時限', '目', 'に', 'ある', '部活', '紹介', 'は', '、', '東', 'ビ', '大', '附属', 'の', '毎年', '恒例', '行事', 'である', '。', '各', '部', 'が', '体育', '館', 'で', 'さまざまな', 'パフォーマンス', 'を', '行い', '、', '持ち', '時間', '内', 'で', '新入', '生', 'たち', 'へ', 'ＰＲ', 'を', '行って', 'いく', '。', '新入', '生', 'に', 'とって']","['各', '部']",YES,各部,NO,NO
28,各部,（漫画家。代々木アニメーション学院講師、代表作「トップ屋ジョー」）ほか。［賞］大賞（各部１人）、優秀賞（各部２人）、佳作（各部５人）等。記念品と賞状を進呈［発表・授賞式］平成二十一年,"['（', '漫画', '家', '。', '代々', '木', 'アニメーション', '学院', '講師', '、', '代表', '作', '「', 'トップ', '屋', 'ジョー', '」', '）', 'ほか', '。', '［', '賞', '］', '大賞', '（', '各', '部', '１', '人', '）', '、', '優秀', '賞', '（', '各', '部', '２', '人', '）', '、', '佳作', '（', '各', '部', '５', '人', '）', '等', '。', '記念', '品', 'と', '賞状', 'を', '進呈', '［', '発表', '・', '授賞', '式', '］', '平成', '二十一', '年']","['各', '部']",YES,各部,NO,NO
29,各部,（漫画家。代々木アニメーション学院講師、代表作「トップ屋ジョー」）ほか。［賞］大賞（各部１人）、優秀賞（各部２人）、佳作（各部５人）等。記念品と賞状を進呈［発表・授賞式］平成二十一年,"['（', '漫画', '家', '。', '代々', '木', 'アニメーション', '学院', '講師', '、', '代表', '作', '「', 'トップ', '屋', 'ジョー', '」', '）', 'ほか', '。', '［', '賞', '］', '大賞', '（', '各', '部', '１', '人', '）', '、', '優秀', '賞', '（', '各', '部', '２', '人', '）', '、', '佳作', '（', '各', '部', '５', '人', '）', '等', '。', '記念', '品', 'と', '賞状', 'を', '進呈', '［', '発表', '・', '授賞', '式', '］', '平成', '二十一', '年']","['各', '部']",YES,各部,NO,NO
30,各部,（漫画家。代々木アニメーション学院講師、代表作「トップ屋ジョー」）ほか。［賞］大賞（各部１人）、優秀賞（各部２人）、佳作（各部５人）等。記念品と賞状を進呈［発表・授賞式］平成二十一年,"['（', '漫画', '家', '。', '代々', '木', 'アニメーション', '学院', '講師', '、', '代表', '作', '「', 'トップ', '屋', 'ジョー', '」', '）', 'ほか', '。', '［', '賞', '］', '大賞', '（', '各', '部', '１', '人', '）', '、', '優秀', '賞', '（', '各', '部', '２', '人', '）', '、', '佳作', '（', '各', '部', '５', '人', '）', '等', '。', '記念', '品', 'と', '賞状', 'を', '進呈', '［', '発表', '・', '授賞', '式', '］', '平成', '二十一', '年']","['各', '部']",YES,各部,NO,NO
31,各部,でも理解できるよう編集している。また、各部ごとに設けているガイド・ラインを読んでいただければ、各部の狙いと大まかな流れは掴むことができると思う。,"['でも', '理解', 'できる', 'よう', '編集', 'して', 'いる', '。', 'また', '、', '各', '部', 'ごと', 'に', '設けて', 'いる', 'ガイド', '・', 'ライン', 'を', '読んで', 'いただければ', '、', '各', '部', 'の', '狙い', 'と', '大まかな', '流れ', 'は', '掴む', 'こと', 'が', 'できる', 'と', '思う', '。']","['各', '部']",YES,各部,NO,NO
32,各部,でも理解できるよう編集している。また、各部ごとに設けているガイド・ラインを読んでいただければ、各部の狙いと大まかな流れは掴むことができると思う。,"['でも', '理解', 'できる', 'よう', '編集', 'して', 'いる', '。', 'また', '、', '各', '部', 'ごと', 'に', '設けて', 'いる', 'ガイド', '・', 'ライン', 'を', '読んで', 'いただければ', '、', '各', '部', 'の', '狙い', 'と', '大まかな', '流れ', 'は', '掴む', 'こと', 'が', 'できる', 'と', '思う', '。']","['各', '部']",YES,各部,NO,NO
33,各部,あるように見られる。一方、先の図で表しているものは、いわば、各部のなかでももっとも句例の多いものを中心としての指摘であるが、その,"['ある', 'ように', '見', 'られる', '。', '一方', '、', '先', 'の', '図', 'で', '表して', 'いる', 'もの', 'は', '、', 'いわば', '、', '各', '部', 'の', 'なか', 'でも', 'もっとも', '句', '例', 'の', '多い', 'もの', 'を', '中心', 'と', 'して', 'の', '指摘', 'である', 'が', '、', 'その']","['各', '部']",YES,各部,NO,NO
34,各部,出力は七百四十八の九十七ｐｓから百三ｐｓにアップしている。カウルをこうして外してみると、各部がユニット化されたお陰で整備性が大きく向上していることがよくわかる。また、ステップは,"['出力', 'は', '七百四十八', 'の', '九十七', 'ｐｓ', 'から', '百三', 'ｐｓ', 'に', 'アップ', 'して', 'いる', '。', 'カウル', 'を', 'こうして', '外して', 'みる', 'と', '、', '各', '部', 'が', 'ユニット', '化', 'さ', 'れた', 'お陰', 'で', '整備', '性', 'が', '大きく', '向上', 'して', 'いる', 'こと', 'が', 'よく', 'わかる', '。', 'また', '、', 'ステップ', 'は']","['各', '部']",YES,各部,NO,NO
35,各部,釘見「通常攻略」の「釘調整」と同じように、丸い光を移動させて各部の釘を確認できる。もちろん直せないので、どういう状態になっているかを確認するだけ,"['釘', '見', '「', '通常', '攻略', '」', 'の', '「', '釘', '調整', '」', 'と', '同じ', 'ように', '、', '丸い', '光', 'を', '移動', 'さ', 'せて', '各', '部', 'の', '釘', 'を', '確認', 'できる', '。', 'もちろん', '直せ', 'ない', 'ので', '、', 'どういう', '状態', 'に', 'なって', 'いる', 'か', 'を', '確認', 'する', 'だけ']","['各', '部']",YES,各部,NO,NO
36,各部,各部に区分しなければならない（施規五十一）。３負債の部は，流動負債および固定負債の各部に区分しなければならない（施規七十六）。４施行規則第四十三条に規定する引当金は，３にかかわらず，,"['各', '部', 'に', '区分', 'し', 'なければ', 'なら', 'ない', '（', '施', '規', '五十一', '）', '。', '３', '負債', 'の', '部', 'は', '，', '流動', '負債', 'および', '固定', '負債', 'の', '各', '部', 'に', '区分', 'し', 'なければ', 'なら', 'ない', '（', '施', '規', '七十六', '）', '。', '４', '施行', '規則', '第', '四十三', '条', 'に', '規定', 'する', '引当金', 'は', '，', '３', 'に', 'かかわら', 'ず', '，']","['各', '部']",YES,各部,NO,NO
37,各部,各部に区分しなければならない（施規五十一）。３負債の部は，流動負債および固定負債の各部に区分しなければならない（施規七十六）。４施行規則第四十三条に規定する引当金は，３にかかわらず，,"['各', '部', 'に', '区分', 'し', 'なければ', 'なら', 'ない', '（', '施', '規', '五十一', '）', '。', '３', '負債', 'の', '部', 'は', '，', '流動', '負債', 'および', '固定', '負債', 'の', '各', '部', 'に', '区分', 'し', 'なければ', 'なら', 'ない', '（', '施', '規', '七十六', '）', '。', '４', '施行', '規則', '第', '四十三', '条', 'に', '規定', 'する', '引当金', 'は', '，', '３', 'に', 'かかわら', 'ず', '，']","['各', '部']",YES,各部,NO,NO
38,各部,の部。内容８ホール２ラウンド（全十六ホール）を行います。競技時間は１時間半程度です。各部の上位入賞者には賞品を差し上げます。参加料一般五百円、小学生三百円（当日ご持参ください）。申込,"['の', '部', '。', '内容', '８', 'ホール', '２', 'ラウンド', '（', '全', '十六', 'ホール', '）', 'を', '行い', 'ます', '。', '競技', '時間', 'は', '１', '時間', '半', '程度', 'です', '。', '各', '部', 'の', '上位', '入賞', '者', 'に', 'は', '賞品', 'を', '差し上げ', 'ます', '。', '参加', '料', '一般', '五百', '円', '、', '小学生', '三百', '円', '（', '当日', 'ご', '持参', 'ください', '）', '。', '申込']","['各', '部']",YES,各部,NO,NO
39,各部,Ｂ６、葉酸、リボフラビン、Ｃがかなり不足ぎみとのことである。ビタミンは人体の各部ではたらくでは、ビタミンが人体のどの箇所でどのように活躍しているのか、,"['Ｂ', '６', '、', '葉酸', '、', 'リボフラビン', '、', 'Ｃ', 'が', 'かなり', '不足', 'ぎみ', 'と', 'の', 'こと', 'である', '。', 'ビタミン', 'は', '人体', 'の', '各', '部', 'で', 'はたらく', 'で', 'は', '、', 'ビタミン', 'が', '人体', 'の', 'どの', '箇所', 'で', 'どのように', '活躍', 'して', 'いる', 'の', 'か', '、']","['各', '部']",YES,各部,NO,NO
40,各部,，卵殻，卵白および卵黄の３つの部分から構成され（図２‐三十），各部の割合はそれぞれおよそ十％，六十％，三十％という数値を示している．卵殻は，,"['，', '卵殻', '，', '卵白', 'および', '卵黄', 'の', '３', 'つ', 'の', '部分', 'から', '構成', 'さ', 'れ', '（', '図', '２', '‐', '三十', '）', '，', '各', '部', 'の', '割合', 'は', 'それぞれ', 'およそ', '十', '％', '，', '六十', '％', '，', '三十', '％', 'と', 'いう', '数値', 'を', '示して', 'いる', '．', '卵殻', 'は', '，']","['各', '部']",YES,各部,NO,NO
41,各部,では，まったく同じ量のＤＮＡを含む体細胞がふえていく。表１ウシの各部の細胞中のＤＮＡ量（単位：ｐｇ）ボアパン（千九百四十八）＊ｐｇ（ピコグラム）：,"['では', '，', 'まったく', '同じ', '量', 'の', 'ＤＮＡ', 'を', '含む', '体', '細胞', 'が', 'ふえて', 'いく', '。', '表', '１', 'ウシ', 'の', '各', '部', 'の', '細胞', '中', 'の', 'ＤＮＡ', '量', '（', '単位', '：', 'ｐｇ', '）', 'ボアパン', '（', '千九百四十八', '）', '＊', 'ｐｇ', '（', 'ピコグラム', '）', '：']","['各', '部']",YES,各部,NO,NO
42,各部,）ほか。［賞］大賞（各部１人）、優秀賞（各部２人）、佳作（各部５人）等。記念品と賞状を進呈［発表・授賞式］平成二十一年１月中旬。入賞者のみご連絡します,"['）', 'ほか', '。', '［', '賞', '］', '大賞', '（', '各', '部', '１', '人', '）', '、', '優秀', '賞', '（', '各', '部', '２', '人', '）', '、', '佳作', '（', '各', '部', '５', '人', '）', '等', '。', '記念', '品', 'と', '賞状', 'を', '進呈', '［', '発表', '・', '授賞', '式', '］', '平成', '二十一', '年', '１', '月', '中旬', '。', '入賞', '者', 'のみ', 'ご', '連絡', 'し', 'ます']","['各', '部']",YES,各部,NO,NO
43,各部,）ほか。［賞］大賞（各部１人）、優秀賞（各部２人）、佳作（各部５人）等。記念品と賞状を進呈［発表・授賞式］平成二十一年１月中旬。入賞者のみご連絡します,"['）', 'ほか', '。', '［', '賞', '］', '大賞', '（', '各', '部', '１', '人', '）', '、', '優秀', '賞', '（', '各', '部', '２', '人', '）', '、', '佳作', '（', '各', '部', '５', '人', '）', '等', '。', '記念', '品', 'と', '賞状', 'を', '進呈', '［', '発表', '・', '授賞', '式', '］', '平成', '二十一', '年', '１', '月', '中旬', '。', '入賞', '者', 'のみ', 'ご', '連絡', 'し', 'ます']","['各', '部']",YES,各部,NO,NO
44,各部,）ほか。［賞］大賞（各部１人）、優秀賞（各部２人）、佳作（各部５人）等。記念品と賞状を進呈［発表・授賞式］平成二十一年１月中旬。入賞者のみご連絡します,"['）', 'ほか', '。', '［', '賞', '］', '大賞', '（', '各', '部', '１', '人', '）', '、', '優秀', '賞', '（', '各', '部', '２', '人', '）', '、', '佳作', '（', '各', '部', '５', '人', '）', '等', '。', '記念', '品', 'と', '賞状', 'を', '進呈', '［', '発表', '・', '授賞', '式', '］', '平成', '二十一', '年', '１', '月', '中旬', '。', '入賞', '者', 'のみ', 'ご', '連絡', 'し', 'ます']","['各', '部']",YES,各部,NO,NO
45,各部,。作図では目や鼻などの細部の形はあまり問題ではなく、輪郭や各部の大きさと位置が重要です。デッサンが上手くいってなくても、顔のバランス,"['。', '作図', 'で', 'は', '目', 'や', '鼻', 'など', 'の', '細部', 'の', '形', 'は', 'あまり', '問題', 'で', 'は', 'なく', '、', '輪郭', 'や', '各', '部', 'の', '大き', 'さ', 'と', '位置', 'が', '重要です', '。', 'デッサン', 'が', '上手く', 'いって', 'なくて', 'も', '、', '顔', 'の', 'バランス']","['各', '部']",YES,各部,NO,NO
46,各部,ようになっているので，少し調節すればよい。しぼりは，見やすい明るさに調節する。光学顕微鏡の各部の名称とはたらき調節ねじ…回してピントを合わせる。鏡台接眼レンズ鏡筒…中は空洞レボルバー,"['ように', 'なって', 'いる', 'ので', '，', '少し', '調節', 'すれば', 'よい', '。', 'しぼり', 'は', '，', '見やすい', '明る', 'さ', 'に', '調節', 'する', '。', '光学', '顕微', '鏡', 'の', '各', '部', 'の', '名称', 'と', 'はたらき', '調節', 'ねじ', '…', '回して', 'ピント', 'を', '合わせる', '。', '鏡台', '接眼', 'レンズ', '鏡', '筒', '…', '中', 'は', '空洞', 'レボルバー']","['各', '部']",YES,各部,NO,NO
47,各部,場合共有である要役地・承役地が分割または一部譲渡された場合には，地役権は，その各部のために（要役地の場合），またはその各部の上に（承役地の場合）,"['場合', '共有', 'である', '要', '役', '地', '・', '承役地', 'が', '分割', 'または', '一部', '譲渡', 'さ', 'れた', '場合', 'に', 'は', '，', '地役権', 'は', '，', 'その', '各', '部', 'の', 'ため', 'に', '（', '要', '役', '地', 'の', '場合', '）', '，', 'または', 'その', '各', '部', 'の', '上', 'に', '（', '承役地', 'の', '場合', '）']","['各', '部']",YES,各部,NO,NO
48,各部,場合共有である要役地・承役地が分割または一部譲渡された場合には，地役権は，その各部のために（要役地の場合），またはその各部の上に（承役地の場合）,"['場合', '共有', 'である', '要', '役', '地', '・', '承役地', 'が', '分割', 'または', '一部', '譲渡', 'さ', 'れた', '場合', 'に', 'は', '，', '地役権', 'は', '，', 'その', '各', '部', 'の', 'ため', 'に', '（', '要', '役', '地', 'の', '場合', '）', '，', 'または', 'その', '各', '部', 'の', '上', 'に', '（', '承役地', 'の', '場合', '）']","['各', '部']",YES,各部,NO,NO
49,各部,持ち、全五十部から成るが、イウエをいかに分類したかは不明である。次に、各部を、乾坤・時候・気形・支体・態芸・生植・食服・器財・光彩・数量・虚押・複用の十二門に意義分類する。序文に「専擬海蔵略韻分二十六之門」とあることによって,"['持ち', '、', '全', '五十', '部', 'から', '成る', 'が', '、', 'イウエ', 'を', 'いかに', '分類', 'した', 'か', 'は', '不明である', '。', '次に', '、', '各', '部', 'を', '、', '乾', '坤', '・', '時候', '・', '気', '形', '・', '支体', '・', '態芸', '・', '生', '植', '・', '食', '服', '・', '器', '財', '・', '光', '彩', '・', '数量', '・', '虚', '押', '・', '複', '用', 'の', '十二', '門', 'に', '意義', '分類', 'する', '。', '序文', 'に', '「', '専擬', '海', '蔵', '略', '韻', '分', '二十六', '之門', '」', 'と', 'ある', 'こと', 'に', 'よって']","['各', '部']",YES,各部,NO,NO
50,各部,良くなる。ただしその半面、大きくしすぎると中間域がなくなってしまう。ともあれ、インマニの各部の寸法などによって、効率良く吸気できる回転域を変えることができるわけだ。純正よりも高回転で,"['良く', 'なる', '。', 'ただし', 'その', '半面', '、', '大きく', 'し', 'すぎる', 'と', '中間', '域', 'が', 'なくなって', 'しまう', '。', 'ともあれ', '、', 'インマニ', 'の', '各', '部', 'の', '寸法', 'など', 'に', 'よって', '、', '効率', '良く', '吸気', 'できる', '回転', '域', 'を', '変える', 'こと', 'が', 'できる', 'わけだ', '。', '純正', 'より', 'も', '高', '回転', 'で']","['各', '部']",YES,各部,NO,NO
51,各部,ジェミュール」と名付けた極小で多数の粒子の存在を想定している。そして，体の各部にはそれぞれ固有のジェミュールがあり，それらは自己増殖し，体液を通じて移動が可能であり生殖細胞,"['ジェミュール', '」', 'と', '名付けた', '極', '小', 'で', '多数', 'の', '粒子', 'の', '存在', 'を', '想定', 'して', 'いる', '。', 'そして', '，', '体', 'の', '各', '部', 'に', 'は', 'それぞれ', '固有の', 'ジェミュール', 'が', 'あり', '，', 'それ', 'ら', 'は', '自己', '増殖', 'し', '，', '体液', 'を', '通じて', '移動', 'が', '可能であり', '生殖', '細胞']","['各', '部']",YES,各部,NO,NO
52,各部,を■■市長から、財政状況については■■副市長から説明があり、各地域における政策などは各部の部長から説明がありました。その後、市民の皆様との熱心な質疑応答,"['を', '■', '■', '市長', 'から', '、', '財政', '状況', 'に', 'ついて', 'は', '■', '■', '副', '市長', 'から', '説明', 'が', 'あり', '、', '各', '地域', 'に', 'おける', '政策', 'など', 'は', '各', '部', 'の', '部長', 'から', '説明', 'が', 'あり', 'ました', '。', 'その後', '、', '市民', 'の', '皆様', 'と', 'の', '熱心な', '質疑', '応答']","['各', '部']",YES,各部,NO,NO
53,各部,について、主なものを紹介します。それぞれの役割について確認しておきましょう。ＯｕｔｌｏｏｋＥｘｐｒｅｓｓの各部の名称と役割ＯｕｔｌｏｏｋＥｘｐｒｅｓｓのウィンドウは、フォルダ一覧、メッセージ一覧、連絡先、プレビューという４つ,"['に', 'ついて', '、', '主な', 'もの', 'を', '紹介', 'し', 'ます', '。', 'それぞれ', 'の', '役割', 'に', 'ついて', '確認', 'して', 'おき', 'ましょう', '。', 'ＯｕｔｌｏｏｋＥｘｐｒｅｓｓ', 'の', '各', '部', 'の', '名称', 'と', '役割', 'ＯｕｔｌｏｏｋＥｘｐｒｅｓｓ', 'の', 'ウィンドウ', 'は', '、', 'フォルダ', '一覧', '、', 'メッセージ', '一覧', '、', '連絡', '先', '、', 'プレビュー', 'と', 'いう', '４', 'つ']","['各', '部']",YES,各部,NO,NO
54,各部,たらやればいいことだし。エンジンオイルも交換したし、ギアオイルも替えたし、各部のネジを増し締めしたし、グリスアップもしたし、ワックスもかけたし、,"['たら', 'やれば', 'いい', 'こと', 'だ', 'し', '。', 'エンジンオイル', 'も', '交換', 'した', 'し', '、', 'ギアオイル', 'も', '替えた', 'し', '、', '各', '部', 'の', 'ネジ', 'を', '増し', '締め', 'した', 'し', '、', 'グリス', 'アップ', 'も', 'した', 'し', '、', 'ワックス', 'も', 'かけた', 'し', '、']","['各', '部']",YES,各部,NO,NO
55,各部,ｏｎＥ五百クラスアップを実感させる６．１モデルＳＰＥＣＩＦＩＣＡＴＩＯＮＳ１６．１リッター化が図られたＶ８ユニット。各部のフリクションロス化とブラバス独自のエンジンマネージメントにより、完全制御される２ブラバスの現行コンプリートモデルにはモノブロックⅥマルチが,"['ｏｎＥ', '五百', 'クラス', 'アップ', 'を', '実感', 'さ', 'せる', '６', '．', '１', 'モデル', 'ＳＰＥＣＩＦＩＣＡＴＩＯＮＳ', '１６', '．', '１', 'リッター', '化', 'が', '図ら', 'れた', 'Ｖ', '８', 'ユニット', '。', '各', '部', 'の', 'フリクションロス', '化', 'と', 'ブラバス', '独自', 'の', 'エンジンマネージメント', 'に', 'より', '、', '完全', '制御', 'さ', 'れる', '２', 'ブラバス', 'の', '現行', 'コンプリートモデル', 'に', 'は', 'モノ', 'ブロック', 'Ⅵ', 'マルチ', 'が']","['各', '部']",YES,各部,NO,NO
56,各部,、林業政策、福島県の状態が私は心配になってきたので、農林省の各局、各部がどうなっているか調べていただいて、後刻私に説明に来てくださることをお願いして,"['、', '林業', '政策', '、', '福島', '県', 'の', '状態', 'が', '私', 'は', '心配に', 'なって', 'きた', 'ので', '、', '農林', '省', 'の', '各', '局', '、', '各', '部', 'が', 'どう', 'なって', 'いる', 'か', '調べて', 'いただいて', '、', '後', '刻', '私', 'に', '説明', 'に', '来て', 'くださる', 'こと', 'を', 'お', '願い', 'して']","['各', '部']",YES,各部,NO,NO
57,各部,写真３‐３‐１‐１顔の作図デッサンに自信がない方はとりあえず各部の大きさ、位置、輪郭を決める程度でもよいでしょう。曲線がうまくかけない,"['写真', '３', '‐', '３', '‐', '１', '‐', '１', '顔', 'の', '作図', 'デッサン', 'に', '自信', 'が', 'ない', '方', 'は', 'とりあえず', '各', '部', 'の', '大き', 'さ', '、', '位置', '、', '輪郭', 'を', '決める', '程度', 'でも', 'よい', 'でしょう', '。', '曲線', 'が', 'うまく', 'かけ', 'ない']","['各', '部']",YES,各部,NO,NO
58,各部,説明する。日々のＷｉｎｄｏｗｓ九十八の操作で必ず使うものなので，用語はともかく各部の働きは覚えておく必要がある。１スタートボタンアプリケーションを起動したり，Ｗｉｎｄｏｗｓ,"['説明', 'する', '。', '日々', 'の', 'Ｗｉｎｄｏｗｓ', '九十八', 'の', '操作', 'で', '必ず', '使う', 'もの', 'な', 'ので', '，', '用語', 'は', 'ともかく', '各', '部', 'の', '働き', 'は', '覚えて', 'おく', '必要', 'が', 'ある', '。', '１', 'スタートボタンアプリケーション', 'を', '起動', 'したり', '，', 'Ｗｉｎｄｏｗｓ']","['各', '部']",YES,各部,NO,NO
59,各部,各部に区分し，固定資産の部は，さらに有形固定資産，無形固定資産および投資その他の資産の各部に区分しなければならない（施規五十一）。３負債の部は，流動負債および固定負債の各部,"['各', '部', 'に', '区分', 'し', '，', '固定', '資産', 'の', '部', 'は', '，', 'さらに', '有形', '固定', '資産', '，', '無形', '固定', '資産', 'および', '投資', 'その他', 'の', '資産', 'の', '各', '部', 'に', '区分', 'し', 'なければ', 'なら', 'ない', '（', '施', '規', '五十一', '）', '。', '３', '負債', 'の', '部', 'は', '，', '流動', '負債', 'および', '固定', '負債', 'の', '各', '部']","['各', '部']",YES,各部,NO,NO
60,各部,各部に区分し，固定資産の部は，さらに有形固定資産，無形固定資産および投資その他の資産の各部に区分しなければならない（施規五十一）。３負債の部は，流動負債および固定負債の各部,"['各', '部', 'に', '区分', 'し', '，', '固定', '資産', 'の', '部', 'は', '，', 'さらに', '有形', '固定', '資産', '，', '無形', '固定', '資産', 'および', '投資', 'その他', 'の', '資産', 'の', '各', '部', 'に', '区分', 'し', 'なければ', 'なら', 'ない', '（', '施', '規', '五十一', '）', '。', '３', '負債', 'の', '部', 'は', '，', '流動', '負債', 'および', '固定', '負債', 'の', '各', '部']","['各', '部']",YES,各部,NO,NO
61,各部,各部に区分し，固定資産の部は，さらに有形固定資産，無形固定資産および投資その他の資産の各部に区分しなければならない（施規五十一）。３負債の部は，流動負債および固定負債の各部,"['各', '部', 'に', '区分', 'し', '，', '固定', '資産', 'の', '部', 'は', '，', 'さらに', '有形', '固定', '資産', '，', '無形', '固定', '資産', 'および', '投資', 'その他', 'の', '資産', 'の', '各', '部', 'に', '区分', 'し', 'なければ', 'なら', 'ない', '（', '施', '規', '五十一', '）', '。', '３', '負債', 'の', '部', 'は', '，', '流動', '負債', 'および', '固定', '負債', 'の', '各', '部']","['各', '部']",YES,各部,NO,NO
62,各部,必要がある。また，直流領域まで使用できるものはほとんどないので，汎用分析システムとして使用するには各部の機能を詳細に確認する必要がある。参考文献,"['必要', 'が', 'ある', '。', 'また', '，', '直流', '領域', 'まで', '使用', 'できる', 'もの', 'は', 'ほとんど', 'ない', 'ので', '，', '汎用', '分析', 'システム', 'と', 'して', '使用', 'する', 'に', 'は', '各', '部', 'の', '機能', 'を', '詳細に', '確認', 'する', '必要', 'が', 'ある', '。', '参考', '文献']","['各', '部']",YES,各部,NO,NO
63,各部,３報告・統制システムの導入―の３つを柱にしている。権限の分散化は議会側と各部（責任者）の間での成果契約に基づく。各部の責任者はこの契約に基づいて,"['３', '報告', '・', '統制', 'システム', 'の', '導入', '―', 'の', '３', 'つ', 'を', '柱', 'に', 'して', 'いる', '。', '権限', 'の', '分散', '化', 'は', '議会', '側', 'と', '各', '部', '（', '責任', '者', '）', 'の', '間', 'で', 'の', '成果', '契約', 'に', '基づく', '。', '各', '部', 'の', '責任', '者', 'は', 'この', '契約', 'に', '基づいて']","['各', '部']",YES,各部,NO,NO
64,各部,３報告・統制システムの導入―の３つを柱にしている。権限の分散化は議会側と各部（責任者）の間での成果契約に基づく。各部の責任者はこの契約に基づいて,"['３', '報告', '・', '統制', 'システム', 'の', '導入', '―', 'の', '３', 'つ', 'を', '柱', 'に', 'して', 'いる', '。', '権限', 'の', '分散', '化', 'は', '議会', '側', 'と', '各', '部', '（', '責任', '者', '）', 'の', '間', 'で', 'の', '成果', '契約', 'に', '基づく', '。', '各', '部', 'の', '責任', '者', 'は', 'この', '契約', 'に', '基づいて']","['各', '部']",YES,各部,NO,NO
65,各部,がいえる。ⅤではＣセグメントのクルマがここまで来たか、と驚かされるほど各部のフィニッシュレベルが向上している。なかでもボディのチリは、より詰められた感が,"['が', 'いえる', '。', 'Ⅴ', 'で', 'は', 'Ｃ', 'セグメント', 'の', 'クルマ', 'が', 'ここ', 'まで', '来た', 'か', '、', 'と', '驚か', 'さ', 'れる', 'ほど', '各', '部', 'の', 'フィニッシュレベル', 'が', '向上', 'して', 'いる', '。', 'なかでも', 'ボディ', 'の', 'チリ', 'は', '、', 'より', '詰め', 'られた', '感', 'が']","['各', '部']",YES,各部,NO,NO
66,各部,に総員の九割を占めり」（「満洲国人事行政指導方針要綱」）と報告されている。また、各部における状況についても、「各部ともに比率に数倍する日人を採用せり」（千九百三十五年,"['に', '総員', 'の', '九', '割', 'を', '占め', 'り', '」', '（', '「', '満', '洲国', '人事', '行政', '指導', '方針', '要綱', '」', '）', 'と', '報告', 'さ', 'れて', 'いる', '。', 'また', '、', '各', '部', 'に', 'おける', '状況', 'に', 'ついて', 'も', '、', '「', '各', '部', 'ともに', '比率', 'に', '数', '倍', 'する', '日', '人', 'を', '採用', 'せり', '」', '（', '千九百三十五', '年']","['各', '部']",YES,各部,NO,NO
67,各部,に総員の九割を占めり」（「満洲国人事行政指導方針要綱」）と報告されている。また、各部における状況についても、「各部ともに比率に数倍する日人を採用せり」（千九百三十五年,"['に', '総員', 'の', '九', '割', 'を', '占め', 'り', '」', '（', '「', '満', '洲国', '人事', '行政', '指導', '方針', '要綱', '」', '）', 'と', '報告', 'さ', 'れて', 'いる', '。', 'また', '、', '各', '部', 'に', 'おける', '状況', 'に', 'ついて', 'も', '、', '「', '各', '部', 'ともに', '比率', 'に', '数', '倍', 'する', '日', '人', 'を', '採用', 'せり', '」', '（', '千九百三十五', '年']","['各', '部']",YES,各部,NO,NO
68,各部,‐１の構造．ネジとナットの締め付けの際には，必ずロックワッシャーを追加して各部の導通を図ることまとめ作業の注意点図８を参考にケースを加工したら，ロータリースイッチ,"['‐', '１', 'の', '構造', '．', 'ネジ', 'と', 'ナット', 'の', '締め', '付け', 'の', '際', 'に', 'は', '，', '必ず', 'ロックワッシャー', 'を', '追加', 'して', '各', '部', 'の', '導', '通', 'を', '図る', 'こと', 'まとめ', '作業', 'の', '注意', '点', '図', '８', 'を', '参考', 'に', 'ケース', 'を', '加工', 'したら', '，', 'ロータリースイッチ']","['各', '部']",YES,各部,NO,NO
69,各部,もつ二次胚が形成された。このことから，シュペーマンは，移植した原口背唇がまわりの各部に働きかけ，その部分の予定運命を変えて二次胚を形成したものと考えた。,"['もつ', '二', '次', '胚', 'が', '形成', 'さ', 'れた', '。', 'この', 'こと', 'から', '，', 'シュペーマン', 'は', '，', '移植', 'した', '原口', '背', '唇', 'が', 'まわり', 'の', '各', '部', 'に', '働きかけ', '，', 'その', '部分', 'の', '予定', '運命', 'を', '変えて', '二', '次', '胚', 'を', '形成', 'した', 'もの', 'と', '考えた', '。']","['各', '部']",YES,各部,NO,NO
70,各部,、トルクレンチも適正に数値を計測できない。グリスを塗ってから、トルクレンチで締めつける。各部を規定トルクで締め付け、作業完了↑クランプの２本のボルトを均等に締めつける。ここのボルト,"['、', 'トルクレンチ', 'も', '適正に', '数値', 'を', '計測', 'でき', 'ない', '。', 'グリス', 'を', '塗って', 'から', '、', 'トルクレンチ', 'で', '締め', 'つける', '。', '各', '部', 'を', '規定', 'トルク', 'で', '締め', '付け', '、', '作業', '完了', '↑', 'クランプ', 'の', '２', '本', 'の', 'ボルト', 'を', '均等に', '締め', 'つける', '。', 'ここの', 'ボルト']","['各', '部']",YES,各部,NO,NO
71,各部,角膜を誘導する（三次誘導）。このように，誘導が連鎖的に起こることによって胚の各部がつぎつぎと分化し，複雑な器官が形成される。５内胚葉による誘導原口背唇による,"['角膜', 'を', '誘導', 'する', '（', '三', '次', '誘導', '）', '。', 'このように', '，', '誘導', 'が', '連鎖', '的に', '起こる', 'こと', 'に', 'よって', '胚', 'の', '各', '部', 'が', 'つぎつぎ', 'と', '分化', 'し', '，', '複雑な', '器官', 'が', '形成', 'さ', 'れる', '。', '５', '内', '胚', '葉', 'に', 'よる', '誘導', '原口', '背', '唇', 'に', 'よる']","['各', '部']",YES,各部,NO,NO
72,各部,はヴァータというドーシャを強くもっているからです。そしてそのヴァータが、今現在、体の各部において多少バランスを失っています。それが、消化管であり、首や肩であり、子宮である,"['は', 'ヴァータ', 'と', 'いう', 'ドーシャ', 'を', '強く', 'もって', 'いる', 'から', 'です', '。', 'そして', 'その', 'ヴァータ', 'が', '、', '今', '現在', '、', '体', 'の', '各', '部', 'に', 'おいて', '多少', 'バランス', 'を', '失って', 'い', 'ます', '。', 'それ', 'が', '、', '消化', '管', 'であり', '、', '首', 'や', '肩', 'であり', '、', '子宮', 'である']","['各', '部']",YES,各部,NO,NO
73,各部,［表の削除］を選んで消すことができます。Ｃｏｌｕｍｎ表の呼び方表の各部には、それぞれ右図のような呼び名があります。この呼び名で操作説明を行うので,"['［', '表', 'の', '削除', '］', 'を', '選んで', '消す', 'こと', 'が', 'でき', 'ます', '。', 'Ｃｏｌｕｍｎ', '表', 'の', '呼び', '方', '表', 'の', '各', '部', 'に', 'は', '、', 'それぞれ', '右', '図', 'の', 'ような', '呼び名', 'が', 'あり', 'ます', '。', 'この', '呼び名', 'で', '操作', '説明', 'を', '行う', 'ので']","['各', '部']",YES,各部,NO,NO
74,各部,、しっかり確認を。心配な場合は一旦ＩＣを外しておいて電源を入れ、各部の電圧を計ってみればいい。４ピンにテスターの黒、８ピンにテスターの赤を当てれ,"['、', 'しっかり', '確認', 'を', '。', '心配な', '場合', 'は', '一旦', 'ＩＣ', 'を', '外して', 'おいて', '電源', 'を', '入れ', '、', '各', '部', 'の', '電圧', 'を', '計って', 'みれば', 'いい', '。', '４', 'ピン', 'に', 'テスター', 'の', '黒', '、', '８', 'ピン', 'に', 'テスター', 'の', '赤', 'を', '当て', 'れ']","['各', '部']",YES,各部,NO,NO
75,各部,統括することになった。そして経営健全化計画の計画自体の策定とその実施の実務上の責任者となり、各部との調整にあたっていた。四月九日の支店長会議の翌日、午前八時半より本店,"['統括', 'する', 'こと', 'に', 'なった', '。', 'そして', '経営', '健全', '化', '計画', 'の', '計画', '自体', 'の', '策定', 'と', 'その', '実施', 'の', '実務', '上', 'の', '責任', '者', 'と', 'なり', '、', '各', '部', 'と', 'の', '調整', 'に', 'あたって', 'いた', '。', '四', '月', '九', '日', 'の', '支店', '長', '会議', 'の', '翌日', '、', '午前', '八', '時', '半', 'より', '本店']","['各', '部']",YES,各部,NO,NO
76,各部,（数字自体が発明の構成上の必須要件の１つである場合）を除き，設計図面のように各部の寸法まで記載することは必要でない。もっとも，発明の構成がきわめて具体的で，,"['（', '数字', '自体', 'が', '発明', 'の', '構成', '上', 'の', '必須', '要件', 'の', '１', 'つ', 'である', '場合', '）', 'を', '除き', '，', '設計', '図面', 'の', 'ように', '各', '部', 'の', '寸法', 'まで', '記載', 'する', 'こと', 'は', '必要で', 'ない', '。', 'もっとも', '，', '発明', 'の', '構成', 'が', 'きわめて', '具体', '的で', '，']","['各', '部']",YES,各部,NO,NO
77,各部,に運ばれたとするなら、ものの数分で正常な思考能力を失い、身体の各部が凍傷を起こし、一日で死に至るだろう。八千メートル級の山の頂上は、あらゆる,"['に', '運ば', 'れた', 'と', 'する', 'なら', '、', 'ものの', '数', '分', 'で', '正常な', '思考', '能力', 'を', '失い', '、', '身体', 'の', '各', '部', 'が', '凍傷', 'を', '起こし', '、', '一', '日', 'で', '死', 'に', '至る', 'だろう', '。', '八千', 'メートル', '級', 'の', '山', 'の', '頂上', 'は', '、', 'あらゆる']","['各', '部']",YES,各部,NO,NO
78,各部,は相関があると述べている。お茶の道具の茶入れや釜、茶碗等には、各部に名称が付けられている。口造り、咽喉（のど）、肩、胴等と呼ばれ,"['は', '相関', 'が', 'ある', 'と', '述べて', 'いる', '。', 'お', '茶', 'の', '道具', 'の', '茶', '入れ', 'や', '釜', '、', '茶碗', '等', 'に', 'は', '、', '各', '部', 'に', '名称', 'が', '付け', 'られて', 'いる', '。', '口', '造り', '、', '咽喉', '（', 'のど', '）', '、', '肩', '、', '胴', '等', 'と', '呼ば', 'れ']","['各', '部']",YES,各部,NO,NO
79,各部,ともに、市場に浸透しつつある。入念な造りを可能にしたのは、各部のユニット化で部品点数を大幅に削減できたからだ。スッキリした造りでありながら、コストダウンも,"['ともに', '、', '市場', 'に', '浸透', 'し', 'つつ', 'ある', '。', '入念', 'な', '造り', 'を', '可能に', 'した', 'の', 'は', '、', '各', '部', 'の', 'ユニット', '化', 'で', '部品', '点数', 'を', '大幅に', '削減', 'できた', 'から', 'だ', '。', 'スッキリ', 'した', '造り', 'であり', 'ながら', '、', 'コスト', 'ダウン', 'も']","['各', '部']",YES,各部,NO,NO
80,各部,とし、一旦各部から総務庁へ提示される行政事項が同庁各機関に依って再検討され、国務院会議を通じて再び各部に放射され実行に移る、いわゆる総務庁中心主義の行政組織は過渡期における最も理想的な方法で、,"['と', 'し', '、', '一旦', '各', '部', 'から', '総務', '庁', 'へ', '提示', 'さ', 'れる', '行政', '事項', 'が', '同', '庁', '各', '機関', 'に', '依って', '再', '検討', 'さ', 'れ', '、', '国務院', '会議', 'を', '通じて', '再び', '各', '部', 'に', '放射', 'さ', 'れ', '実行', 'に', '移る', '、', 'いわゆる', '総務', '庁', '中心', '主義', 'の', '行政', '組織', 'は', '過渡', '期', 'に', 'おける', '最も', '理想', '的な', '方法', 'で', '、']","['各', '部']",YES,各部,NO,NO
81,各部,とし、一旦各部から総務庁へ提示される行政事項が同庁各機関に依って再検討され、国務院会議を通じて再び各部に放射され実行に移る、いわゆる総務庁中心主義の行政組織は過渡期における最も理想的な方法で、,"['と', 'し', '、', '一旦', '各', '部', 'から', '総務', '庁', 'へ', '提示', 'さ', 'れる', '行政', '事項', 'が', '同', '庁', '各', '機関', 'に', '依って', '再', '検討', 'さ', 'れ', '、', '国務院', '会議', 'を', '通じて', '再び', '各', '部', 'に', '放射', 'さ', 'れ', '実行', 'に', '移る', '、', 'いわゆる', '総務', '庁', '中心', '主義', 'の', '行政', '組織', 'は', '過渡', '期', 'に', 'おける', '最も', '理想', '的な', '方法', 'で', '、']","['各', '部']",YES,各部,NO,NO
82,各部,心を知る人は、誰もいなかったといってよい。式次第は、各部の代表抱負に移った。学生部長の渡吾郎、女子部長の谷時枝、男子部長の谷田昇一、そして,"['心', 'を', '知る', '人', 'は', '、', '誰', 'も', 'い', 'なかった', 'と', 'いって', 'よい', '。', '式', '次第', 'は', '、', '各', '部', 'の', '代表', '抱負', 'に', '移った', '。', '学生', '部長', 'の', '渡', '吾郎', '、', '女子', '部長', 'の', '谷', '時', '枝', '、', '男子', '部長', 'の', '谷', '田', '昇', '一', '、', 'そして']","['各', '部']",YES,各部,NO,NO
83,各部,ピグメント印画法を想定していると思われる「印画に於ける技術及技巧による画面の全部又は各部に於ける描写の疎密の度の変更」や空に雲を焼きこむような部分的モンタージュ,"['ピグメント', '印', '画法', 'を', '想定', 'して', 'いる', 'と', '思わ', 'れる', '「', '印', '画', 'に', '於', 'ける', '技術', '及', '技巧', 'に', 'よる', '画面', 'の', '全部', '又は', '各', '部', 'に', '於', 'ける', '描写', 'の', '疎', '密', 'の', '度', 'の', '変更', '」', 'や', '空', 'に', '雲', 'を', '焼き', 'こむ', 'ような', '部分', '的', 'モンタージュ']","['各', '部']",YES,各部,NO,NO
84,各部,東京に出張したことになっていた」と明言。証言によると、各課の裏金はいったん、各部の筆頭課（刑事部の場合は刑事企画課）に集め、筆頭課は「課費」と称して,"['東京', 'に', '出張', 'した', 'こと', 'に', 'なって', 'いた', '」', 'と', '明言', '。', '証言', 'に', 'よる', 'と', '、', '各', '課', 'の', '裏金', 'は', 'いったん', '、', '各', '部', 'の', '筆頭', '課', '（', '刑事', '部', 'の', '場合', 'は', '刑事', '企画', '課', '）', 'に', '集め', '、', '筆頭', '課', 'は', '「', '課', '費', '」', 'と', '称して']","['各', '部']",YES,各部,NO,NO
85,各部,振った。これが、夜明けまえの数時間というものだった。この時間、肉体の各部は潮が引ききった状態にある。昔から軍隊が奇襲に対してもっとも弱点をさらす,"['振った', '。', 'これ', 'が', '、', '夜', '明け', 'まえ', 'の', '数', '時間', 'と', 'いう', 'もの', 'だった', '。', 'この', '時間', '、', '肉体', 'の', '各', '部', 'は', '潮', 'が', '引き', 'きった', '状態', 'に', 'ある', '。', '昔', 'から', '軍隊', 'が', '奇襲', 'に', '対して', 'もっとも', '弱点', 'を', 'さらす']","['各', '部']",YES,各部,NO,NO
86,各部,逆上と云う者である。でこの逆上を癒やすには血液を従前の如く体内の各部へ平均に分配しなければならん。そうするには逆かさに上った奴を下,"['逆上', 'と', '云う', '者', 'である', '。', 'で', 'この', '逆上', 'を', '癒やす', 'に', 'は', '血液', 'を', '従前', 'の', '如く', '体', '内', 'の', '各', '部', 'へ', '平均', 'に', '分配', 'し', 'なければ', 'なら', 'ん', '。', 'そう', 'する', 'に', 'は', '逆', 'かさ', 'に', '上った', '奴', 'を', '下']","['各', '部']",YES,各部,NO,NO
87,各部,られているものだ。仏塔の建築様式も基本的にこれに則っている。塔を構成する各部の名称の一例（奈良・薬師寺三重塔）仏塔鑑賞の手引き仏塔を知る場合、どこを見るか,"['られて', 'いる', 'もの', 'だ', '。', '仏塔', 'の', '建築', '様式', 'も', '基本', '的に', 'これ', 'に', '則', 'って', 'いる', '。', '塔', 'を', '構成', 'する', '各', '部', 'の', '名称', 'の', '一例', '（', '奈良', '・', '薬師', '寺', '三重', '塔', '）', '仏塔', '鑑賞', 'の', '手引き', '仏塔', 'を', '知る', '場合', '、', 'どこ', 'を', '見る', 'か']","['各', '部']",YES,各部,NO,NO
88,各部,なり、頭は山の頂となり、骨は岩となりました。同時に各部がだん〳〵大きくなつて、終にアトラスは一つの山となりました。而して（こんな,"['なり', '、', '頭', 'は', '山', 'の', '頂', 'と', 'なり', '、', '骨', 'は', '岩', 'と', 'なり', 'ました', '。', '同時に', '各', '部', 'がだん', '〳〵', '大きく', 'な', 'つて', '、', '終', 'に', 'アトラス', 'は', '一', 'つ', 'の', '山', 'と', 'なり', 'ました', '。', '而', 'して', '（', 'こんな']","['各', '部']",YES,各部,NO,NO
89,各部,祈は、ようやく自分が現在置かれている状況を漠然とながら覚ると、体の各部を確かめてみた。が、ざっと見たところどこにも異常はない。もしや,"['祈', 'は', '、', 'ようやく', '自分', 'が', '現在', '置か', 'れて', 'いる', '状況', 'を', '漠然と', 'ながら', '覚る', 'と', '、', '体', 'の', '各', '部', 'を', '確かめて', 'みた', '。', 'が', '、', 'ざっと', '見た', 'ところ', 'どこ', 'に', 'も', '異常', 'は', 'ない', '。', 'もしや']","['各', '部']",YES,各部,NO,NO
90,各部,各部の名称である。図２‐３ソバの形態図２‐４ソバの各部の名前（菅原，千九百七十四）１地上部にくらべて根の発達は劣る,"['各', '部', 'の', '名称', 'である', '。', '図', '２', '‐', '３', 'ソバ', 'の', '形態', '図', '２', '‐', '４', 'ソバ', 'の', '各', '部', 'の', '名前', '（', '菅原', '，', '千九百七十四', '）', '１', '地上', '部', 'に', 'くらべて', '根', 'の', '発達', 'は', '劣る']","['各', '部']",YES,各部,NO,NO
91,各部,各部の名称である。図２‐３ソバの形態図２‐４ソバの各部の名前（菅原，千九百七十四）１地上部にくらべて根の発達は劣る,"['各', '部', 'の', '名称', 'である', '。', '図', '２', '‐', '３', 'ソバ', 'の', '形態', '図', '２', '‐', '４', 'ソバ', 'の', '各', '部', 'の', '名前', '（', '菅原', '，', '千九百七十四', '）', '１', '地上', '部', 'に', 'くらべて', '根', 'の', '発達', 'は', '劣る']","['各', '部']",YES,各部,NO,NO
92,各部,の脳神経核、伝導路の中継核、上行と下行線維からできている（図十八）。脳幹の各部におけるこれらの構造間の関係を良く理解するために、脳幹を錐体交叉、内側毛帯交叉、オリーブの中心部,"['の', '脳', '神経', '核', '、', '伝導', '路', 'の', '中継', '核', '、', '上', '行', 'と', '下', '行', '線維', 'から', 'できて', 'いる', '（', '図', '十八', '）', '。', '脳幹', 'の', '各', '部', 'に', 'おける', 'これ', 'ら', 'の', '構造', '間', 'の', '関係', 'を', '良く', '理解', 'する', 'ため', 'に', '、', '脳幹', 'を', '錐', '体', '交叉', '、', '内側', '毛', '帯', '交叉', '、', 'オリーブ', 'の', '中心', '部']","['各', '部']",YES,各部,NO,NO
93,各部,はっきりしてきます。そして、その成長や変化があまりにも急激なために、身体の各部のつり合いや身体と心のバランスがとれず、いわゆる無器用時代を迎えているのです。,"['はっきり', 'して', 'き', 'ます', '。', 'そして', '、', 'その', '成長', 'や', '変化', 'が', 'あまりに', 'も', '急激な', 'ため', 'に', '、', '身体', 'の', '各', '部', 'の', 'つり合い', 'や', '身体', 'と', '心', 'の', 'バランス', 'が', 'とれ', 'ず', '、', 'いわゆる', '無器用', '時代', 'を', '迎えて', 'いる', 'のです', '。']","['各', '部']",YES,各部,NO,NO
94,各部,を使用した。エンジニアはコンピュータ端末の前で設計を確認し、さまざまな角度から部品の各部を見ることができた。どの部品についても作業の履歴を遡って確認し、実験結果を呼び出し,"['を', '使用', 'した', '。', 'エンジニア', 'は', 'コンピュータ', '端末', 'の', '前', 'で', '設計', 'を', '確認', 'し', '、', 'さまざまな', '角度', 'から', '部品', 'の', '各', '部', 'を', '見る', 'こと', 'が', 'できた', '。', 'どの', '部品', 'に', 'ついて', 'も', '作業', 'の', '履歴', 'を', '遡って', '確認', 'し', '、', '実験', '結果', 'を', '呼び', '出し']","['各', '部']",YES,各部,NO,NO
95,各部,と、いろいろな病気が快復したという事実が証明するものである。すなわち、からだの各部の固有の働きと、その機能が神経系の健全な状態に依存しているとするなら,"['と', '、', 'いろいろな', '病気', 'が', '快復', 'した', 'と', 'いう', '事実', 'が', '証明', 'する', 'もの', 'である', '。', 'すなわち', '、', 'からだ', 'の', '各', '部', 'の', '固有の', '働き', 'と', '、', 'その', '機能', 'が', '神経', '系', 'の', '健全な', '状態', 'に', '依存', 'して', 'いる', 'と', 'する', 'なら']","['各', '部']",YES,各部,NO,NO
96,各部,“凛”とした一筋の気が体の中心を縦に通り、身体の各部が統一された感じになると表現しています。次の段階では、丹田,"['“', '凛', '”', 'と', 'した', '一筋', 'の', '気', 'が', '体', 'の', '中心', 'を', '縦', 'に', '通り', '、', '身体', 'の', '各', '部', 'が', '統一', 'さ', 'れた', '感じ', 'に', 'なる', 'と', '表現', 'して', 'い', 'ます', '。', '次の', '段階', 'で', 'は', '、', '丹田']","['各', '部']",YES,各部,NO,NO
97,各部,バンド（ベルト）のかかる線のこと。同じ格の部位が治療点になる全身の各部を１年十二か月の月日の流れに沿って考える全身の各部位を１年十二か月に分類する,"['バンド', '（', 'ベルト', '）', 'の', 'かかる', '線', 'の', 'こと', '。', '同じ', '格', 'の', '部位', 'が', '治療', '点', 'に', 'なる', '全身', 'の', '各', '部', 'を', '１', '年', '十二', 'か月', 'の', '月日', 'の', '流れ', 'に', '沿って', '考える', '全身', 'の', '各', '部位', 'を', '１', '年', '十二', 'か月', 'に', '分類', 'する']","['各', '部']",YES,各部,NO,NO
98,各部,バンド（ベルト）のかかる線のこと。同じ格の部位が治療点になる全身の各部を１年十二か月の月日の流れに沿って考える全身の各部位を１年十二か月に分類する,"['バンド', '（', 'ベルト', '）', 'の', 'かかる', '線', 'の', 'こと', '。', '同じ', '格', 'の', '部位', 'が', '治療', '点', 'に', 'なる', '全身', 'の', '各', '部', 'を', '１', '年', '十二', 'か月', 'の', '月日', 'の', '流れ', 'に', '沿って', '考える', '全身', 'の', '各', '部位', 'を', '１', '年', '十二', 'か月', 'に', '分類', 'する']","['各', '部位']",YES,各部,NO,YES
99,各部,２章顔は身体の各部とこのように対応している身体の各ブロックはこのように対応する人体のどんな小さな部分も,"['２', '章', '顔', 'は', '身体', 'の', '各', '部', 'と', 'このように', '対応', 'して', 'いる', '身体', 'の', '各', 'ブロック', 'は', 'このように', '対応', 'する', '人体', 'の', 'どんな', '小さな', '部分', 'も']","['各', '部']",YES,各部,NO,NO
100,各部,（ドイツ語で「小さいソプラニーノ」の意味），最も大きいコントラバスがあります。構造と各部の名称ホール番号と指番号▽ホール番号と，そのトーンホールをふさぐ指の番号は同じです。,"['（', 'ドイツ', '語', 'で', '「', '小さい', 'ソプラニーノ', '」', 'の', '意味', '）', '，', '最も', '大きい', 'コントラバス', 'が', 'あり', 'ます', '。', '構造', 'と', '各', '部', 'の', '名称', 'ホール', '番号', 'と', '指', '番号', '▽', 'ホール', '番号', 'と', '，', 'その', 'トーンホール', 'を', 'ふさぐ', '指', 'の', '番号', 'は', '同じです', '。']","['各', '部']",YES,各部,NO,NO
101,各部,見える持ち方を意識してみましょう。持つところ・弾くところに名前はあるの？図で各部の名称を見てみましょうギターの各部の名称です。弾き方の説明の中に,"['見える', '持ち', '方', 'を', '意識', 'して', 'み', 'ましょう', '。', '持つ', 'ところ', '・', '弾く', 'ところ', 'に', '名前', 'は', 'ある', 'の', '？', '図', 'で', '各', '部', 'の', '名称', 'を', '見て', 'み', 'ましょう', 'ギター', 'の', '各', '部', 'の', '名称', 'です', '。', '弾き', '方', 'の', '説明', 'の', '中', 'に']","['各', '部']",YES,各部,NO,NO
102,各部,見える持ち方を意識してみましょう。持つところ・弾くところに名前はあるの？図で各部の名称を見てみましょうギターの各部の名称です。弾き方の説明の中に,"['見える', '持ち', '方', 'を', '意識', 'して', 'み', 'ましょう', '。', '持つ', 'ところ', '・', '弾く', 'ところ', 'に', '名前', 'は', 'ある', 'の', '？', '図', 'で', '各', '部', 'の', '名称', 'を', '見て', 'み', 'ましょう', 'ギター', 'の', '各', '部', 'の', '名称', 'です', '。', '弾き', '方', 'の', '説明', 'の', '中', 'に']","['各', '部']",YES,各部,NO,NO
103,各部,の厚みは急速に増加するが，部位ごとに発達速度が異なるために，折れ曲がり等の変形によって，各部の相対的な大きさ・形が著しく変化する。特に頭側（前方）の神経管は袋状に拡大し，,"['の', '厚み', 'は', '急速に', '増加', 'する', 'が', '，', '部位', 'ごと', 'に', '発達', '速度', 'が', '異なる', 'ため', 'に', '，', '折れ曲がり', '等', 'の', '変形', 'に', 'よって', '，', '各', '部', 'の', '相対', '的な', '大き', 'さ', '・', '形', 'が', '著しく', '変化', 'する', '。', '特に', '頭', '側', '（', '前方', '）', 'の', '神経', '管', 'は', '袋', '状', 'に', '拡大', 'し', '，']","['各', '部']",YES,各部,NO,NO
104,各部,でごらんの通り。タイヤなんて余裕のヨッチャンです。特徴的な左側ピラーレスデザイン。強度を確保するために各部の補強で重量的にはターボないと走らないっす。ドアは直角まで開くの,"['で', 'ごらん', 'の', '通り', '。', 'タイヤ', 'なんて', '余裕', 'の', 'ヨッチャン', 'です', '。', '特徴', '的な', '左', '側', 'ピラーレスデザイン', '。', '強度', 'を', '確保', 'する', 'ため', 'に', '各', '部', 'の', '補強', 'で', '重量', '的に', 'は', 'ターボ', 'ない', 'と', '走ら', 'な', 'いっす', '。', 'ドア', 'は', '直角', 'まで', '開く', 'の']","['各', '部']",YES,各部,NO,NO
105,各部,「Ｇ快」・出展作品の状況：ガンキャノンを解体、製作開始♪（各部に金属パーツ使用！！）○企画主催「Ｒａｌ」・出展作品の状況：,"['「', 'Ｇ', '快', '」', '・', '出展', '作品', 'の', '状況', '：', 'ガンキャノン', 'を', '解体', '、', '製作', '開始', '♪（', '各', '部', 'に', '金属', 'パーツ', '使用', '！', '！', '）', '○', '企画', '主催', '「', 'Ｒａｌ', '」', '・', '出展', '作品', 'の', '状況', '：']","['各', '部']",YES,各部,NO,NO
106,各部,が必要となってくるでしょうか。はじめてパソコンに触る方もいると思いますので、各部の名前と役割を確認しておきましょう。パソコン各部の名前をおぼえておく電子メールをする,"['が', '必要', 'と', 'なって', 'くる', 'でしょう', 'か', '。', 'はじめて', 'パソコン', 'に', '触る', '方', 'も', 'いる', 'と', '思い', 'ます', 'ので', '、', '各', '部', 'の', '名前', 'と', '役割', 'を', '確認', 'して', 'おき', 'ましょう', '。', 'パソコン', '各', '部', 'の', '名前', 'を', 'おぼえて', 'おく', '電子', 'メール', 'を', 'する']","['各', '部']",YES,各部,NO,NO
107,各部,が必要となってくるでしょうか。はじめてパソコンに触る方もいると思いますので、各部の名前と役割を確認しておきましょう。パソコン各部の名前をおぼえておく電子メールをする,"['が', '必要', 'と', 'なって', 'くる', 'でしょう', 'か', '。', 'はじめて', 'パソコン', 'に', '触る', '方', 'も', 'いる', 'と', '思い', 'ます', 'ので', '、', '各', '部', 'の', '名前', 'と', '役割', 'を', '確認', 'して', 'おき', 'ましょう', '。', 'パソコン', '各', '部', 'の', '名前', 'を', 'おぼえて', 'おく', '電子', 'メール', 'を', 'する']","['各', '部']",YES,各部,NO,NO
108,各部,ダンパーの耐久性低下に関しては、グリップ向上によってタイヤからの入力が増大し、それを支えるサスペンションの各部により大きなストレスがかかることになります。同時に、インチアップによってバネ下重量も増大しますから、,"['ダンパー', 'の', '耐久', '性', '低下', 'に', '関して', 'は', '、', 'グリップ', '向上', 'に', 'よって', 'タイヤ', 'から', 'の', '入力', 'が', '増大', 'し', '、', 'それ', 'を', '支える', 'サスペンション', 'の', '各', '部', 'に', 'より', '大きな', 'ストレス', 'が', 'かかる', 'こと', 'に', 'なり', 'ます', '。', '同時に', '、', 'インチアップ', 'に', 'よって', 'バネ', '下', '重量', 'も', '増大', 'し', 'ます', 'から', '、']","['各', '部']",YES,各部,NO,NO
109,各部,一方、資料Ⅰの身体語彙慣用句一覧のなかでは、句例の提示は省略しているが、各部のなかには、これらの主な身体語彙項目以外にも、句例そのものは多くないにしろ、,"['一方', '、', '資料', 'Ⅰ', 'の', '身体', '語彙', '慣用句', '一覧', 'の', 'なか', 'で', 'は', '、', '句', '例', 'の', '提示', 'は', '省略', 'して', 'いる', 'が', '、', '各', '部', 'の', 'なか', 'に', 'は', '、', 'これ', 'ら', 'の', '主な', '身体', '語彙', '項目', '以外', 'に', 'も', '、', '句', '例', 'そのもの', 'は', '多く', 'ない', 'に', 'しろ', '、']","['各', '部']",YES,各部,NO,NO
110,各部,方形パルスがある。この波形の周期と衝撃係数を求めよ。３．図２のパルス波の各部の名称を（）に記入せよ。図２４．図３の回路でスイッチＳを,"['方形', 'パルス', 'が', 'ある', '。', 'この', '波形', 'の', '周期', 'と', '衝撃', '係数', 'を', '求めよ', '。', '３', '．', '図', '２', 'の', 'パルス', '波', 'の', '各', '部', 'の', '名称', 'を', '（', '）', 'に', '記入', 'せよ', '。', '図', '２４', '．', '図', '３', 'の', '回路', 'で', 'スイッチ', 'Ｓ', 'を']","['各', '部']",YES,各部,NO,NO
111,各部,様相を一括して図にまとめて表すと、次の通りである。以上は、各部のなかでも、両国語に共通して比較的豊富な用例を見せる、いくつかの主な,"['様相', 'を', '一括', 'して', '図', 'に', 'まとめて', '表す', 'と', '、', '次の', '通り', 'である', '。', '以上', 'は', '、', '各', '部', 'の', 'なか', 'でも', '、', '両', '国語', 'に', '共通', 'して', '比較的', '豊富な', '用例', 'を', '見せる', '、', 'いく', 'つ', 'か', 'の', '主な']","['各', '部']",YES,各部,NO,NO
112,各部,、七十六参照）。次に包みを裏返し、「のの字がけ」（図２）を各部がきちんと張っているようにかけていきます。巻きはじめの小さな輪に動端を通し、,"['、', '七十六', '参照', '）', '。', '次に', '包み', 'を', '裏返し', '、', '「', 'の', 'の', '字', 'がけ', '」', '（', '図', '２', '）', 'を', '各', '部', 'が', 'きちんと', '張って', 'いる', 'ように', 'かけて', 'いき', 'ます', '。', '巻き', 'はじめ', 'の', '小さな', '輪', 'に', '動', '端', 'を', '通し', '、']","['各', '部']",YES,各部,NO,NO
113,各部,対象高校生以上（弓道部のある学校の生徒を除く）料金２千円開講日納入定員各部二十人申し込み順持ち物白足袋申込用紙配布１２３＝白鳥アリーナ、沼ノ端スケートセンター、総合体育館、日吉体育館,"['対象', '高校', '生', '以上', '（', '弓道', '部', 'の', 'ある', '学校', 'の', '生徒', 'を', '除く', '）', '料金', '２千', '円', '開講', '日', '納入', '定員', '各', '部', '二十', '人', '申し込み', '順', '持ち物', '白', '足袋', '申込', '用紙', '配布', '１２３', '＝', '白鳥', 'アリーナ', '、', '沼ノ端', 'スケートセンター', '、', '総合', '体育', '館', '、', '日吉', '体育', '館']","['各', '部']",YES,各部,NO,NO
114,各部,年次計画を作成。議会側がそれを承認すると、必要な予算や権限が与えられる。各部の責任者は１年に３回、成果がどの程度上がっているかなど、契約内容の途中経過を,"['年次', '計画', 'を', '作成', '。', '議会', '側', 'が', 'それ', 'を', '承認', 'する', 'と', '、', '必要な', '予算', 'や', '権限', 'が', '与え', 'られる', '。', '各', '部', 'の', '責任', '者', 'は', '１', '年', 'に', '３', '回', '、', '成果', 'が', 'どの', '程度', '上がって', 'いる', 'か', 'など', '、', '契約', '内容', 'の', '途中', '経過', 'を']","['各', '部']",YES,各部,NO,NO
115,各部,のキットは、基本的にすべて『谷折り』だ。５折り曲げたデッキは、後端や各部の梁をハンダづけして『口』の字型に組む。ただし、矢印で示す梁は,"['の', 'キット', 'は', '、', '基本', '的に', 'すべて', '『', '谷', '折り', '』', 'だ', '。', '５', '折り曲げた', 'デッキ', 'は', '、', '後', '端', 'や', '各', '部', 'の', '梁', 'を', 'ハンダ', 'づけ', 'して', '『', '口', '』', 'の', '字', '型', 'に', '組む', '。', 'ただし', '、', '矢印', 'で', '示す', '梁', 'は']","['各', '部']",YES,各部,NO,NO
116,各部,食品部、ギフト詰め合わせの進物部などの主力事業部の他に、海外、アミノ酸、医薬、化成の各部がつくられた。その後開発された大きい商品の中には、七十八年の中華合わせ調味料,"['食品', '部', '、', 'ギフト', '詰め合わせ', 'の', '進物', '部', 'など', 'の', '主力', '事業', '部', 'の', '他', 'に', '、', '海外', '、', 'アミノ酸', '、', '医薬', '、', '化成', 'の', '各', '部', 'が', 'つくら', 'れた', '。', 'その後', '開発', 'さ', 'れた', '大きい', '商品', 'の', '中', 'に', 'は', '、', '七十八', '年', 'の', '中華', '合わせ', '調味料']","['各', '部']",YES,各部,NO,NO
117,各部,「臨時總会ハ留学界ノ代表機関タルモ目下ノ状況ヲ見ルニ總務部交際部ニ人無ク庶務、会計、文牘ノ各部ニ僅カ一人宛ヲ剰スノミナリシモ此二十三輩ハ阮湘、龔德柏、呉一峰等ノ私党ニシテ仮リニ総会ト,"['「', '臨時', '總会', 'ハ', '留学', '界', 'ノ', '代表', '機関', 'タルモ', '目下', 'ノ', '状況', 'ヲ', '見', 'ルニ', '總務', '部', '交際', '部', 'ニ', '人', '無', 'ク', '庶務', '、', '会計', '、', '文', '牘', 'ノ', '各', '部', 'ニ', '僅', 'カ', '一', '人', '宛', 'ヲ', '剰', 'スノミナリシモ', '此', '二十三', '輩', 'ハ', '阮湘', '、', '龔德', '柏', '、', '呉', '一', '峰', '等', 'ノ', '私', '党', 'ニシテ', '仮', 'リニ', '総会', 'ト']","['各', '部']",YES,各部,NO,NO
118,各部,図１では２つの月に分割されています。月日の巡りと身体の各部を矢印に沿って見ていくと、十二月十五日に位置する頭頂の百会というツボから、,"['図', '１', 'で', 'は', '２', 'つ', 'の', '月', 'に', '分割', 'さ', 'れて', 'い', 'ます', '。', '月日', 'の', '巡り', 'と', '身体', 'の', '各', '部', 'を', '矢印', 'に', '沿って', '見て', 'いく', 'と', '、', '十二', '月', '十五', '日', 'に', '位置', 'する', '頭', '頂', 'の', '百', '会', 'と', 'いう', 'ツボ', 'から', '、']","['各', '部']",YES,各部,NO,NO
119,各部,さまざまなくふうがされていました。ここで大鎧のクイズです。■大鎧の各部の名称Ｑ１胸の前についている栴檀板（右の胸）と鳩尾板（,"['さまざまな', 'くふう', 'が', 'さ', 'れて', 'い', 'ました', '。', 'ここ', 'で', '大', '鎧', 'の', 'クイズ', 'です', '。', '■', '大', '鎧', 'の', '各', '部', 'の', '名称', 'Ｑ', '１', '胸', 'の', '前', 'に', 'ついて', 'いる', '栴檀', '板', '（', '右', 'の', '胸', '）', 'と', '鳩尾', '板', '（']","['各', '部']",YES,各部,NO,NO
120,各部,この方法によることが多い。５資本の部は，資本金，資本剰余金および利益剰余金の各部に区分しなければならない（施規八十八）。（２）損益計算書の項目区分記載上のポイントは,"['この', '方法', 'に', 'よる', 'こと', 'が', '多い', '。', '５', '資本', 'の', '部', 'は', '，', '資本', '金', '，', '資本', '剰余金', 'および', '利益', '剰余金', 'の', '各', '部', 'に', '区分', 'し', 'なければ', 'なら', 'ない', '（', '施', '規', '八十八', '）', '。', '（', '２', '）', '損益', '計算', '書', 'の', '項目', '区分', '記載', '上', 'の', 'ポイント', 'は']","['各', '部']",YES,各部,NO,NO
121,各部,羽を広げると七十ｃｍになる。トンボなど昆虫は，酸素を気管でからだの各部に送っている。この方法の場合，現在の酸素濃度では，こんなに大きなトンボは,"['羽', 'を', '広げる', 'と', '七十', 'ｃｍ', 'に', 'なる', '。', 'トンボ', 'など', '昆虫', 'は', '，', '酸素', 'を', '気管', 'で', 'からだ', 'の', '各', '部', 'に', '送って', 'いる', '。', 'この', '方法', 'の', '場合', '，', '現在', 'の', '酸素', '濃度', 'で', 'は', '，', 'こんなに', '大きな', 'トンボ', 'は']","['各', '部']",YES,各部,NO,NO
122,各部,などについて学ぶ。■この章で学ぶこと■１パルスの波形と応答パルス波形の各部の名称や，パルスの種類などについて学ぶ。また，パルスがＣＲ回路に加わったとき,"['など', 'に', 'ついて', '学ぶ', '。', '■', 'この', '章', 'で', '学ぶ', 'こと', '■', '１', 'パルス', 'の', '波形', 'と', '応答', 'パルス', '波形', 'の', '各', '部', 'の', '名称', 'や', '，', 'パルス', 'の', '種類', 'など', 'に', 'ついて', '学ぶ', '。', 'また', '，', 'パルス', 'が', 'ＣＲ', '回路', 'に', '加わった', 'とき']","['各', '部']",YES,各部,NO,NO
123,各部,分割してインダクタンスで直列に連結して全体に遅延回路を作るという手法です．遅延回路によって，各部からの音放射の時間的遅れを作り，点音源的な音放射をするようにして，部屋の,"['分割', 'して', 'インダクタンス', 'で', '直列', 'に', '連結', 'して', '全体', 'に', '遅延', '回路', 'を', '作る', 'と', 'いう', '手法', 'です', '．', '遅延', '回路', 'に', 'よって', '，', '各', '部', 'から', 'の', '音', '放射', 'の', '時間', '的', '遅れ', 'を', '作り', '，', '点', '音源', '的な', '音', '放射', 'を', 'する', 'ように', 'して', '，', '部屋', 'の']","['各', '部']",YES,各部,NO,NO
124,各部,最小回転半径：５．４ｍボディカラー：ロイヤルネイビーブルーパールＲｏｏｔｓｏｆＳ二千▲Ｓ六百はＳ五百の各部を手直ししてパワーアップしたモデル▲最高速度百六十ｋｍ／ｈを誇るＳ八百▲Ｓ五百はホンダ初の４輪乗用車,"['最小', '回転', '半径', '：', '５', '．', '４', 'ｍ', 'ボディカラー', '：', 'ロイヤルネイビーブルーパール', 'ＲｏｏｔｓｏｆＳ', '二千', '▲', 'Ｓ', '六百', 'は', 'Ｓ', '五百', 'の', '各', '部', 'を', '手直し', 'して', 'パワー', 'アップ', 'した', 'モデル', '▲', '最高', '速度', '百六十', 'ｋｍ', '／', 'ｈ', 'を', '誇る', 'Ｓ', '八百', '▲', 'Ｓ', '五百', 'は', 'ホンダ', '初', 'の', '４', '輪', '乗用車']","['各', '部']",YES,各部,NO,NO
125,各部,説明をすれば＝マルクス・レーニン主義内では思想の共存はない。云々。吉田書記局や各部につたえたか。宮本書記局も満場一致でやった。吉田では、蔵原が,"['説明', 'を', 'すれば', '＝', 'マルクス', '・', 'レーニン', '主義', '内', 'で', 'は', '思想', 'の', '共存', 'は', 'ない', '。', '云々', '。', '吉田', '書記', '局', 'や', '各', '部', 'に', 'つたえた', 'か', '。', '宮本', '書記', '局', 'も', '満場', '一致', 'で', 'やった', '。', '吉田', 'で', 'は', '、', '蔵', '原', 'が']","['各', '部']",YES,各部,NO,NO
126,各部,ました（＾ｏ＾）。古くてサビサビの反対側のネジも外して新しいボルトで固定します。各部のネジもチェックしてオイルを注して完了です。で、未だ来客には時間が,"['ました', '（', '＾', 'ｏ', '＾', '）', '。', '古くて', 'サビサビ', 'の', '反対', '側', 'の', 'ネジ', 'も', '外して', '新しい', 'ボルト', 'で', '固定', 'し', 'ます', '。', '各', '部', 'の', 'ネジ', 'も', 'チェック', 'して', 'オイル', 'を', '注', 'して', '完了', 'です', '。', 'で', '、', '未だ', '来客', 'に', 'は', '時間', 'が']","['各', '部']",YES,各部,NO,NO
127,各部,危ないいうので、クシタニで加工してあげたのが最初です」。膝のバンクセンサーや各部のシャーリングも、早い時期から実用化に成功していた▲鈴鹿サーキットでのレース前、クシタニの,"['危ない', 'いう', 'ので', '、', 'クシタニ', 'で', '加工', 'して', 'あげた', 'の', 'が', '最初です', '」', '。', '膝', 'の', 'バンクセンサー', 'や', '各', '部', 'の', 'シャーリング', 'も', '、', '早い', '時期', 'から', '実用', '化', 'に', '成功', 'して', 'いた', '▲', '鈴鹿', 'サーキット', 'で', 'の', 'レース', '前', '、', 'クシタニ', 'の']","['各', '部']",YES,各部,NO,NO
128,各部,弾くところに名前はあるの？図で各部の名称を見てみましょうギターの各部の名称です。弾き方の説明の中にも名前が出てきますので、覚えておい,"['弾く', 'ところ', 'に', '名前', 'は', 'ある', 'の', '？', '図', 'で', '各', '部', 'の', '名称', 'を', '見て', 'み', 'ましょう', 'ギター', 'の', '各', '部', 'の', '名称', 'です', '。', '弾き', '方', 'の', '説明', 'の', '中', 'に', 'も', '名前', 'が', '出て', 'き', 'ます', 'ので', '、', '覚えて', 'おい']","['各', '部']",YES,各部,NO,NO
129,各部,弾くところに名前はあるの？図で各部の名称を見てみましょうギターの各部の名称です。弾き方の説明の中にも名前が出てきますので、覚えておい,"['弾く', 'ところ', 'に', '名前', 'は', 'ある', 'の', '？', '図', 'で', '各', '部', 'の', '名称', 'を', '見て', 'み', 'ましょう', 'ギター', 'の', '各', '部', 'の', '名称', 'です', '。', '弾き', '方', 'の', '説明', 'の', '中', 'に', 'も', '名前', 'が', '出て', 'き', 'ます', 'ので', '、', '覚えて', 'おい']","['各', '部']",YES,各部,NO,NO
130,各部,甘味は舌先に，苦味は舌根に，酸味は舌側縁に，塩味は舌尖などの各部に感じる。辛味と渋味は，触覚や痛覚がまじった複雑な感覚である。,"['甘味', 'は', '舌', '先', 'に', '，', '苦', '味', 'は', '舌', '根', 'に', '，', '酸味', 'は', '舌', '側', '縁', 'に', '，', '塩味', 'は', '舌尖', 'など', 'の', '各', '部', 'に', '感じる', '。', '辛', '味', 'と', '渋', '味', 'は', '，', '触覚', 'や', '痛', '覚', 'が', 'まじった', '複雑な', '感覚', 'である', '。']","['各', '部']",YES,各部,NO,NO
131,各部,にまわる、あるいは逆ひねりと言われる“あれ”です。この法則をうまく利用すると、各部の動かし方により腰の向きを変えず脚部のみ動かすといったこともできます。ロングターンの,"['に', 'まわる', '、', 'あるいは', '逆', 'ひねり', 'と', '言わ', 'れる', '“', 'あれ', '”', 'です', '。', 'この', '法則', 'を', 'うまく', '利用', 'する', 'と', '、', '各', '部', 'の', '動かし', '方', 'に', 'より', '腰', 'の', '向き', 'を', '変え', 'ず', '脚', '部', 'のみ', '動かす', 'と', 'いった', 'こと', 'も', 'でき', 'ます', '。', 'ロング', 'ターン', 'の']","['各', '部']",YES,各部,NO,NO
132,各部,名たんていカゲマン」）、江波じょうじ（漫画家。代々木アニメーション学院講師、代表作「トップ屋ジョー」）ほか。［賞］大賞（各部１人）、優秀賞（各部２人）、佳作（各部５人）等。記念品と賞状を,"['名', 'たんてい', 'カゲマン', '」', '）', '、', '江', '波', 'じょうじ', '（', '漫画', '家', '。', '代々', '木', 'アニメーション', '学院', '講師', '、', '代表', '作', '「', 'トップ', '屋', 'ジョー', '」', '）', 'ほか', '。', '［', '賞', '］', '大賞', '（', '各', '部', '１', '人', '）', '、', '優秀', '賞', '（', '各', '部', '２', '人', '）', '、', '佳作', '（', '各', '部', '５', '人', '）', '等', '。', '記念', '品', 'と', '賞状', 'を']","['各', '部']",YES,各部,NO,NO
133,各部,名たんていカゲマン」）、江波じょうじ（漫画家。代々木アニメーション学院講師、代表作「トップ屋ジョー」）ほか。［賞］大賞（各部１人）、優秀賞（各部２人）、佳作（各部５人）等。記念品と賞状を,"['名', 'たんてい', 'カゲマン', '」', '）', '、', '江', '波', 'じょうじ', '（', '漫画', '家', '。', '代々', '木', 'アニメーション', '学院', '講師', '、', '代表', '作', '「', 'トップ', '屋', 'ジョー', '」', '）', 'ほか', '。', '［', '賞', '］', '大賞', '（', '各', '部', '１', '人', '）', '、', '優秀', '賞', '（', '各', '部', '２', '人', '）', '、', '佳作', '（', '各', '部', '５', '人', '）', '等', '。', '記念', '品', 'と', '賞状', 'を']","['各', '部']",YES,各部,NO,NO
134,各部,名たんていカゲマン」）、江波じょうじ（漫画家。代々木アニメーション学院講師、代表作「トップ屋ジョー」）ほか。［賞］大賞（各部１人）、優秀賞（各部２人）、佳作（各部５人）等。記念品と賞状を,"['名', 'たんてい', 'カゲマン', '」', '）', '、', '江', '波', 'じょうじ', '（', '漫画', '家', '。', '代々', '木', 'アニメーション', '学院', '講師', '、', '代表', '作', '「', 'トップ', '屋', 'ジョー', '」', '）', 'ほか', '。', '［', '賞', '］', '大賞', '（', '各', '部', '１', '人', '）', '、', '優秀', '賞', '（', '各', '部', '２', '人', '）', '、', '佳作', '（', '各', '部', '５', '人', '）', '等', '。', '記念', '品', 'と', '賞状', 'を']","['各', '部']",YES,各部,NO,NO
135,各部,、瞳孔の拡大、縮小などの中枢であり、小脳は、筋肉運動を調節し、体の各部の平衡感覚の中枢をつかさどる。延髄は、呼吸運動、血液循環の調節の中枢、咀嚼,"['、', '瞳孔', 'の', '拡大', '、', '縮小', 'など', 'の', '中枢', 'であり', '、', '小脳', 'は', '、', '筋肉', '運動', 'を', '調節', 'し', '、', '体', 'の', '各', '部', 'の', '平衡', '感覚', 'の', '中枢', 'を', 'つかさどる', '。', '延髄', 'は', '、', '呼吸', '運動', '、', '血液', '循環', 'の', '調節', 'の', '中枢', '、', '咀嚼']","['各', '部']",YES,各部,NO,NO
136,各部,扱いにくく，メインテナンスも特別であるかの印象を受けるかも知れない．しかし，こまめに接して，各部の点検を確実に行っていれば，少なくとも無用なトラブルからは回避できるだろう．つまり，,"['扱い', 'にくく', '，', 'メインテナンス', 'も', '特別である', 'か', 'の', '印象', 'を', '受ける', 'かも', '知れ', 'ない', '．', 'しかし', '，', 'こまめに', '接して', '，', '各', '部', 'の', '点検', 'を', '確実に', '行って', 'いれば', '，', '少なくとも', '無用な', 'トラブル', 'から', 'は', '回避', 'できる', 'だろう', '．', 'つまり', '，']","['各', '部']",YES,各部,NO,NO
137,各部,テーピングを実施する．１．テーピングの目的テーピングｔａｐｉｎｇは粘着性のあるテープを身体の各部に巻いて，運動器官の保護や補強を行う技術である．我が国では二十世紀の,"['テーピング', 'を', '実施', 'する', '．', '１', '．', 'テーピング', 'の', '目的', 'テーピング', 'ｔａｐｉｎｇ', 'は', '粘着', '性', 'の', 'ある', 'テープ', 'を', '身体', 'の', '各', '部', 'に', '巻いて', '，', '運動', '器官', 'の', '保護', 'や', '補強', 'を', '行う', '技術', 'である', '．', '我が国', 'で', 'は', '二十', '世紀', 'の']","['各', '部']",YES,各部,NO,NO
138,各部,触る方もいると思いますので、各部の名前と役割を確認しておきましょう。パソコン各部の名前をおぼえておく電子メールをするには、「ウィンドウズ」が使えるようになっ,"['触る', '方', 'も', 'いる', 'と', '思い', 'ます', 'ので', '、', '各', '部', 'の', '名前', 'と', '役割', 'を', '確認', 'して', 'おき', 'ましょう', '。', 'パソコン', '各', '部', 'の', '名前', 'を', 'おぼえて', 'おく', '電子', 'メール', 'を', 'する', 'に', 'は', '、', '「', 'ウィンドウズ', '」', 'が', '使える', 'ように', 'なっ']","['各', '部']",YES,各部,NO,NO
139,各部,触る方もいると思いますので、各部の名前と役割を確認しておきましょう。パソコン各部の名前をおぼえておく電子メールをするには、「ウィンドウズ」が使えるようになっ,"['触る', '方', 'も', 'いる', 'と', '思い', 'ます', 'ので', '、', '各', '部', 'の', '名前', 'と', '役割', 'を', '確認', 'して', 'おき', 'ましょう', '。', 'パソコン', '各', '部', 'の', '名前', 'を', 'おぼえて', 'おく', '電子', 'メール', 'を', 'する', 'に', 'は', '、', '「', 'ウィンドウズ', '」', 'が', '使える', 'ように', 'なっ']","['各', '部']",YES,各部,NO,NO
140,各部,た古海忠之によれば日系対満系の比率は財政部、実業部は五対五、司法部四対六（以上の各部はのち六対四に変更）、民政部、文教部、外交部、軍政部三対七、地方官庁、,"['た', '古', '海', '忠', '之', 'に', 'よれば', '日', '系', '対', '満', '系', 'の', '比率', 'は', '財政', '部', '、', '実業', '部', 'は', '五', '対', '五', '、', '司法', '部', '四', '対', '六', '（', '以上', 'の', '各', '部', 'は', 'のち', '六', '対', '四', 'に', '変更', '）', '、', '民政', '部', '、', '文教', '部', '、', '外交', '部', '、', '軍政', '部', '三', '対', '七', '、', '地方', '官庁', '、']","['各', '部']",YES,各部,NO,NO
141,各部,を指定しています。Ｑ＊０８０イメージマップを作るにはイメージマップとは、画像の各部にリンクを割り当てるものです。ｍａｐ要素にｎａｍｅ属性を定義し、ｍａｐ要素の子要素のａｒｅａ要素で、,"['を', '指定', 'して', 'い', 'ます', '。', 'Ｑ', '＊', '０８０', 'イメージ', 'マップ', 'を', '作る', 'に', 'は', 'イメージ', 'マップ', 'と', 'は', '、', '画像', 'の', '各', '部', 'に', 'リンク', 'を', '割り当てる', 'もの', 'です', '。', 'ｍａｐ', '要素', 'に', 'ｎａｍｅ', '属性', 'を', '定義', 'し', '、', 'ｍａｐ', '要素', 'の', '子', '要素', 'の', 'ａｒｅａ', '要素', 'で', '、']","['各', '部']",YES,各部,NO,NO
142,各部,ＰＩＣ十六Ｆ八十七ＸのＡ‐Ｄコンバータ図１‐六十七は，ＰＩＣ十六Ｆ八百七十七のＡ‐Ｄコンバータのブロック図と各部の説明です．このＡ‐Ｄコンバータの分解能は十ビット（千二十四分１）ですが，これは比較的粗い,"['ＰＩＣ', '十六', 'Ｆ', '八十七', 'Ｘ', 'の', 'Ａ', '‐', 'Ｄ', 'コンバータ', '図', '１', '‐', '六十七', 'は', '，', 'ＰＩＣ', '十六', 'Ｆ', '八百七十七', 'の', 'Ａ', '‐', 'Ｄ', 'コンバータ', 'の', 'ブロック', '図', 'と', '各', '部', 'の', '説明', 'です', '．', 'この', 'Ａ', '‐', 'Ｄ', 'コンバータ', 'の', '分解', '能', 'は', '十', 'ビット', '（', '千二十四', '分', '１', '）', 'です', 'が', '，', 'これ', 'は', '比較的', '粗い']","['各', '部']",YES,各部,NO,NO
143,各部,が、指に切れ込みを入れ、呪符を０．３ｍｍプラ板で製作して持たせたくらい。あと各部を少々リタッチしてます。スミ入れが一部流れていない部分があるのが心苦しいですが,"['が', '、', '指', 'に', '切れ', '込み', 'を', '入れ', '、', '呪', '符', 'を', '０', '．', '３', 'ｍｍ', 'プラ板', 'で', '製作', 'して', '持た', 'せた', 'くらい', '。', 'あと', '各', '部', 'を', '少々', 'リタッチ', 'して', 'ます', '。', 'スミ入れ', 'が', '一部', '流れて', 'い', 'ない', '部分', 'が', 'ある', 'の', 'が', '心苦しい', 'です', 'が']","['各', '部']",YES,各部,NO,NO
144,各部,数アンペアと少なく，スリップ・リング（ｓｌｉｐｒｉｎｇ）がロータに設けられている。次に各部の構造について述べる。図３‐十四オルタネータの構造１ステータ（ｓｔａｔｏｒ固定子）,"['数', 'アンペア', 'と', '少なく', '，', 'スリップ', '・', 'リング', '（', 'ｓｌｉｐｒｉｎｇ', '）', 'が', 'ロータ', 'に', '設け', 'られて', 'いる', '。', '次に', '各', '部', 'の', '構造', 'に', 'ついて', '述べる', '。', '図', '３', '‐', '十四', 'オルタネータ', 'の', '構造', '１', 'ステータ', '（', 'ｓｔａｔｏｒ', '固定', '子', '）']","['各', '部']",YES,各部,NO,NO
145,各部,などが、他のソフトとは多少異なっています。また、キーバインドやその表記方法、各部の呼び方なども馴染みのない用語が用いられます。本章では、まず基本的,"['など', 'が', '、', '他の', 'ソフト', 'と', 'は', '多少', '異なって', 'い', 'ます', '。', 'また', '、', 'キーバインド', 'や', 'その', '表記', '方法', '、', '各', '部', 'の', '呼び', '方', 'など', 'も', '馴染み', 'の', 'ない', '用語', 'が', '用い', 'られ', 'ます', '。', '本', '章', 'で', 'は', '、', 'まず', '基本', '的']","['各', '部']",YES,各部,NO,NO
146,各部,ます。そして、主に次の３本の冠動脈が心臓を取り巻いて、枝分かれしながら心筋の各部に入り込んで、必要な栄養分を供給しています。主な枝は、図表２の,"['ます', '。', 'そして', '、', '主に', '次の', '３', '本', 'の', '冠', '動脈', 'が', '心臓', 'を', '取り巻いて', '、', '枝分かれ', 'し', 'ながら', '心筋', 'の', '各', '部', 'に', '入り', '込んで', '、', '必要な', '栄養', '分', 'を', '供給', 'して', 'い', 'ます', '。', '主な', '枝', 'は', '、', '図表', '２', 'の']","['各', '部']",YES,各部,NO,NO
147,各部,に表すと、次頁の通りである。右の表は、上の段に、各部のなかでもっとも句例の多い日本語の項目を順に並べ、下の段には,"['に', '表す', 'と', '、', '次', '頁', 'の', '通り', 'である', '。', '右', 'の', '表', 'は', '、', '上', 'の', '段', 'に', '、', '各', '部', 'の', 'なか', 'で', 'もっとも', '句', '例', 'の', '多い', '日本', '語', 'の', '項目', 'を', '順に', '並べ', '、', '下', 'の', '段', 'に', 'は']","['各', '部']",YES,各部,NO,NO
148,各部,なっているかをチェック。土井さんが宇宙で使う電動ドライバーなどを手に、パレットの各部を実際にさわって検査したところ、接着剤がはみ出した約二ミリのトゲが見つかり、直ちに削り取っ,"['なって', 'いる', 'か', 'を', 'チェック', '。', '土井', 'さん', 'が', '宇宙', 'で', '使う', '電動', 'ドライバー', 'など', 'を', '手', 'に', '、', 'パレット', 'の', '各', '部', 'を', '実際', 'に', 'さわって', '検査', 'した', 'ところ', '、', '接着', '剤', 'が', 'はみ出した', '約', '二', 'ミリ', 'の', 'トゲ', 'が', '見つかり', '、', '直ちに', '削り', '取っ']","['各', '部']",YES,各部,NO,NO
149,各部,地面を蹴る力を強くすればスピードが上がるスピードを増すには、身体の各部の中でも特に「足」が鍵になります。足で地面を蹴る力,"['地面', 'を', '蹴る', '力', 'を', '強く', 'すれば', 'スピード', 'が', '上がる', 'スピード', 'を', '増す', 'に', 'は', '、', '身体', 'の', '各', '部', 'の', '中でも', '特に', '「', '足', '」', 'が', '鍵', 'に', 'なり', 'ます', '。', '足', 'で', '地面', 'を', '蹴る', '力']","['各', '部']",YES,各部,NO,NO
150,各部,記載しなければならない（施規五十）。２資産の部は，流動資産，固定資産および繰延資産の各部に区分し，固定資産の部は，さらに有形固定資産，無形固定資産および投資その他の資産の各部,"['記載', 'し', 'なければ', 'なら', 'ない', '（', '施', '規', '五十', '）', '。', '２', '資産', 'の', '部', 'は', '，', '流動', '資産', '，', '固定', '資産', 'および', '繰延資産', 'の', '各', '部', 'に', '区分', 'し', '，', '固定', '資産', 'の', '部', 'は', '，', 'さらに', '有形', '固定', '資産', '，', '無形', '固定', '資産', 'および', '投資', 'その他', 'の', '資産', 'の', '各', '部']","['各', '部']",YES,各部,NO,NO
151,各部,記載しなければならない（施規五十）。２資産の部は，流動資産，固定資産および繰延資産の各部に区分し，固定資産の部は，さらに有形固定資産，無形固定資産および投資その他の資産の各部,"['記載', 'し', 'なければ', 'なら', 'ない', '（', '施', '規', '五十', '）', '。', '２', '資産', 'の', '部', 'は', '，', '流動', '資産', '，', '固定', '資産', 'および', '繰延資産', 'の', '各', '部', 'に', '区分', 'し', '，', '固定', '資産', 'の', '部', 'は', '，', 'さらに', '有形', '固定', '資産', '，', '無形', '固定', '資産', 'および', '投資', 'その他', 'の', '資産', 'の', '各', '部']","['各', '部']",YES,各部,NO,NO
152,各部,」（「満洲国人事行政指導方針要綱」）と報告されている。また、各部における状況についても、「各部ともに比率に数倍する日人を採用せり」（千九百三十五年五月、関東軍参謀長より軍務局長宛電報）という,"['」', '（', '「', '満', '洲国', '人事', '行政', '指導', '方針', '要綱', '」', '）', 'と', '報告', 'さ', 'れて', 'いる', '。', 'また', '、', '各', '部', 'に', 'おける', '状況', 'に', 'ついて', 'も', '、', '「', '各', '部', 'ともに', '比率', 'に', '数', '倍', 'する', '日', '人', 'を', '採用', 'せり', '」', '（', '千九百三十五', '年', '五', '月', '、', '関東', '軍', '参謀', '長', 'より', '軍務', '局長', '宛', '電報', '）', 'と', 'いう']","['各', '部']",YES,各部,NO,NO
153,各部,」（「満洲国人事行政指導方針要綱」）と報告されている。また、各部における状況についても、「各部ともに比率に数倍する日人を採用せり」（千九百三十五年五月、関東軍参謀長より軍務局長宛電報）という,"['」', '（', '「', '満', '洲国', '人事', '行政', '指導', '方針', '要綱', '」', '）', 'と', '報告', 'さ', 'れて', 'いる', '。', 'また', '、', '各', '部', 'に', 'おける', '状況', 'に', 'ついて', 'も', '、', '「', '各', '部', 'ともに', '比率', 'に', '数', '倍', 'する', '日', '人', 'を', '採用', 'せり', '」', '（', '千九百三十五', '年', '五', '月', '、', '関東', '軍', '参謀', '長', 'より', '軍務', '局長', '宛', '電報', '）', 'と', 'いう']","['各', '部']",YES,各部,NO,NO
154,各部,１貸借対照表には，資産の部，負債の部および資本の部を設け，各部にはその部の合計額を記載しなければならない（施規五十）。２資産の部は,"['１', '貸借', '対照', '表', 'に', 'は', '，', '資産', 'の', '部', '，', '負債', 'の', '部', 'および', '資本', 'の', '部', 'を', '設け', '，', '各', '部', 'に', 'は', 'その', '部', 'の', '合計', '額', 'を', '記載', 'し', 'なければ', 'なら', 'ない', '（', '施', '規', '五十', '）', '。', '２', '資産', 'の', '部', 'は']","['各', '部']",YES,各部,NO,NO
155,各部,内側（ブラックホールに近い側）の方で温度が高くなっている。降着円盤からは、各部のそれぞれの温度に相当する熱放射が放射され、その重ね合わせが全体的な連続光放射となる。,"['内側', '（', 'ブラック', 'ホール', 'に', '近い', '側', '）', 'の', '方', 'で', '温度', 'が', '高く', 'なって', 'いる', '。', '降着', '円盤', 'から', 'は', '、', '各', '部', 'の', 'それぞれ', 'の', '温度', 'に', '相当', 'する', '熱', '放射', 'が', '放射', 'さ', 'れ', '、', 'その', '重ね', '合わせ', 'が', '全体', '的な', '連続', '光', '放射', 'と', 'なる', '。']","['各', '部']",YES,各部,NO,NO
156,各部,が隠れている。人間存在のヒエラルキーの最高の状態である天使性が、人間喜劇という体系―その各部はのちに組み合わされることになる―の上に君臨しているのだ。バルザックがすでに千八百三十二年からその,"['が', '隠れて', 'いる', '。', '人間', '存在', 'の', 'ヒエラルキー', 'の', '最高の', '状態', 'である', '天使', '性', 'が', '、', '人間', '喜劇', 'と', 'いう', '体系', '―', 'その', '各', '部', 'は', 'のち', 'に', '組み合わさ', 'れる', 'こと', 'に', 'なる', '―', 'の', '上', 'に', '君臨', 'して', 'いる', 'のだ', '。', 'バルザック', 'が', 'すでに', '千八百三十二', '年', 'から', 'その']","['各', '部']",YES,各部,NO,NO
157,各部,研究が行われた。しかし、自動車用エンジンとしては、エンジンの大きさに対する出力の低さ、各部の耐久性、出力の制御方法、コストなど課題が多く、現在では開発は下火に,"['研究', 'が', '行わ', 'れた', '。', 'しかし', '、', '自動車', '用', 'エンジン', 'と', 'して', 'は', '、', 'エンジン', 'の', '大き', 'さ', 'に', '対する', '出力', 'の', '低', 'さ', '、', '各', '部', 'の', '耐久', '性', '、', '出力', 'の', '制御', '方法', '、', 'コスト', 'など', '課題', 'が', '多く', '、', '現在', 'で', 'は', '開発', 'は', '下火', 'に']","['各', '部']",YES,各部,NO,NO
158,各部,合印をつけます。しるしは細く，くっきりとつけるようにします。ミシン縫い各部をミシンで縫い合わせる前にしつけ糸で仮に縫っておくと布がずれません。ミシン,"['合', '印', 'を', 'つけ', 'ます', '。', 'しるし', 'は', '細く', '，', 'くっきり', 'と', 'つける', 'ように', 'し', 'ます', '。', 'ミシン', '縫い', '各', '部', 'を', 'ミシン', 'で', '縫い', '合わせる', '前', 'に', 'しつけ', '糸', 'で', '仮に', '縫って', 'おく', 'と', '布', 'が', 'ずれ', 'ませ', 'ん', '。', 'ミシン']","['各', '部']",YES,各部,NO,NO
159,各部,感じたり、イメージすることであり、日常の生活の中で体験していることを、身体の各部に記憶させたものを使っている（蘇らせている）にすぎない。「コップが,"['感じたり', '、', 'イメージ', 'する', 'こと', 'であり', '、', '日常', 'の', '生活', 'の', '中', 'で', '体験', 'して', 'いる', 'こと', 'を', '、', '身体', 'の', '各', '部', 'に', '記憶', 'さ', 'せた', 'もの', 'を', '使って', 'いる', '（', '蘇ら', 'せて', 'いる', '）', 'に', 'すぎ', 'ない', '。', '「', 'コップ', 'が']","['各', '部']",YES,各部,NO,NO
160,各部,百九十六に達し、魚がマイクロアトールに寄りついていることを示している。魚はマイクロアトールの各部を、区別なく利用しているわけではない。マイクロアトールの部位によって出現する魚類が異なっている。その,"['百九十六', 'に', '達し', '、', '魚', 'が', 'マイクロアトール', 'に', '寄りついて', 'いる', 'こと', 'を', '示して', 'いる', '。', '魚', 'は', 'マイクロアトール', 'の', '各', '部', 'を', '、', '区別', 'なく', '利用', 'して', 'いる', 'わけで', 'は', 'ない', '。', 'マイクロアトール', 'の', '部位', 'に', 'よって', '出現', 'する', '魚類', 'が', '異なって', 'いる', '。', 'その']","['各', '部']",YES,各部,NO,NO
161,各部,からトルク感があって、小回りも利き街乗りには最適のバイクかと。短所…各部が錆びやすいらしい。教習車として乗ったことがあります。,"['から', 'トルク', '感', 'が', 'あって', '、', '小回り', 'も', '利き', '街', '乗り', 'に', 'は', '最適の', 'バイク', 'か', 'と', '。', '短所', '…', '各', '部', 'が', '錆び', 'やすい', 'らしい', '。', '教習', '車', 'と', 'して', '乗った', 'こと', 'が', 'あり', 'ます', '。']","['各', '部']",YES,各部,NO,NO
162,各部,また「満洲国の政治組織の中で、最も特異的な存在」（賴永五朗「国務院と各部を語る」『創造』千九百三十九年十月刊「躍進満洲国の全貌」）として喧伝されたのである。,"['また', '「', '満', '洲国', 'の', '政治', '組織', 'の', '中', 'で', '、', '最も', '特異', '的な', '存在', '」', '（', '賴永', '五', '朗', '「', '国務院', 'と', '各', '部', 'を', '語る', '」', '『', '創造', '』', '千九百三十九', '年', '十', '月刊', '「', '躍進', '満', '洲国', 'の', '全貌', '」', '）', 'と', 'して', '喧伝', 'さ', 'れた', 'のである', '。']","['各', '部']",YES,各部,NO,NO
163,各部,が違います。いろいろな条件によって異なる火加減をマイコンに記憶させておき、釜の各部に取りつけたセンサで温度を細かくチェックしてファジィ制御（六十六頁）を行っているということで,"['が', '違い', 'ます', '。', 'いろいろな', '条件', 'に', 'よって', '異なる', '火', '加減', 'を', 'マイコン', 'に', '記憶', 'さ', 'せて', 'おき', '、', '釜', 'の', '各', '部', 'に', '取りつけた', 'センサ', 'で', '温度', 'を', '細かく', 'チェック', 'して', 'ファジィ', '制御', '（', '六十六', '頁', '）', 'を', '行って', 'いる', 'と', 'いう', 'こと', 'で']","['各', '部']",YES,各部,NO,NO
164,各部,。権限の分散化は議会側と各部（責任者）の間での成果契約に基づく。各部の責任者はこの契約に基づいて、どの程度のコストでどのような成果を上げる,"['。', '権限', 'の', '分散', '化', 'は', '議会', '側', 'と', '各', '部', '（', '責任', '者', '）', 'の', '間', 'で', 'の', '成果', '契約', 'に', '基づく', '。', '各', '部', 'の', '責任', '者', 'は', 'この', '契約', 'に', '基づいて', '、', 'どの', '程度', 'の', 'コスト', 'で', 'どのような', '成果', 'を', '上げる']","['各', '部']",YES,各部,NO,NO
165,各部,。権限の分散化は議会側と各部（責任者）の間での成果契約に基づく。各部の責任者はこの契約に基づいて、どの程度のコストでどのような成果を上げる,"['。', '権限', 'の', '分散', '化', 'は', '議会', '側', 'と', '各', '部', '（', '責任', '者', '）', 'の', '間', 'で', 'の', '成果', '契約', 'に', '基づく', '。', '各', '部', 'の', '責任', '者', 'は', 'この', '契約', 'に', '基づいて', '、', 'どの', '程度', 'の', 'コスト', 'で', 'どのような', '成果', 'を', '上げる']","['各', '部']",YES,各部,NO,NO
166,各部,―どうして自分が失神しなくてはならないのかよくわからなかったけれど―転倒にそなえて体の各部の筋肉をひきしめた。しかし何秒かたっても私は倒れなかったし、,"['―', 'どうして', '自分', 'が', '失神', 'し', 'なくて', 'は', 'なら', 'ない', 'の', 'か', 'よく', 'わから', 'なかった', 'けれど', '―', '転倒', 'に', 'そなえて', '体', 'の', '各', '部', 'の', '筋肉', 'を', 'ひきしめた', '。', 'しかし', '何', '秒', 'かたって', 'も', '私', 'は', '倒れ', 'なかった', 'し', '、']","['各', '部']",YES,各部,NO,NO
167,各部,を行ったプロポユニットからのみ制御が可能である．図５‐２：新ラジコンシステム（プロポ版）各部の名称図５‐３：新ラジコンシステム（プロポ版）受信ユニットの名称受信ユニット接続例次に新ラジコンシステムの,"['を', '行った', 'プロポユニット', 'から', 'のみ', '制御', 'が', '可能である', '．', '図', '５', '‐', '２', '：', '新', 'ラジコンシステム', '（', 'プロポ', '版', '）', '各', '部', 'の', '名称', '図', '５', '‐', '３', '：', '新', 'ラジコンシステム', '（', 'プロポ', '版', '）', '受信', 'ユニット', 'の', '名称', '受信', 'ユニット', '接続', '例', '次に', '新', 'ラジコンシステム', 'の']","['各', '部']",YES,各部,NO,NO
168,各部,徐々に深部へと移っていく。７回目ぐらいまでは体の各部分をフリーにし、各部がたがいの動作を制限しあっている状態から解放する。そして、最後の３回で、体全体に,"['徐々に', '深部', 'へ', 'と', '移って', 'いく', '。', '７', '回', '目', 'ぐらい', 'まで', 'は', '体', 'の', '各', '部分', 'を', 'フリーに', 'し', '、', '各', '部', 'が', 'たがい', 'の', '動作', 'を', '制限', 'し', 'あって', 'いる', '状態', 'から', '解放', 'する', '。', 'そして', '、', '最後の', '３', '回', 'で', '、', '体', '全体', 'に']","['各', '部分']",YES,各部,NO,YES
169,各部,徐々に深部へと移っていく。７回目ぐらいまでは体の各部分をフリーにし、各部がたがいの動作を制限しあっている状態から解放する。そして、最後の３回で、体全体に,"['徐々に', '深部', 'へ', 'と', '移って', 'いく', '。', '７', '回', '目', 'ぐらい', 'まで', 'は', '体', 'の', '各', '部分', 'を', 'フリーに', 'し', '、', '各', '部', 'が', 'たがい', 'の', '動作', 'を', '制限', 'し', 'あって', 'いる', '状態', 'から', '解放', 'する', '。', 'そして', '、', '最後の', '３', '回', 'で', '、', '体', '全体', 'に']","['各', '部']",YES,各部,NO,NO
170,各部,であるが，実際には図２のような波形になる。図２に方形パルスの各部の名称を示す。図１いろいろなパルス図２方形パルス波の各部の名称,"['である', 'が', '，', '実際', 'に', 'は', '図', '２', 'の', 'ような', '波形', 'に', 'なる', '。', '図', '２', 'に', '方形', 'パルス', 'の', '各', '部', 'の', '名称', 'を', '示す', '。', '図', '１', 'いろいろな', 'パルス', '図', '２', '方形', 'パルス', '波', 'の', '各', '部', 'の', '名称']","['各', '部']",YES,各部,NO,NO
171,各部,であるが，実際には図２のような波形になる。図２に方形パルスの各部の名称を示す。図１いろいろなパルス図２方形パルス波の各部の名称,"['である', 'が', '，', '実際', 'に', 'は', '図', '２', 'の', 'ような', '波形', 'に', 'なる', '。', '図', '２', 'に', '方形', 'パルス', 'の', '各', '部', 'の', '名称', 'を', '示す', '。', '図', '１', 'いろいろな', 'パルス', '図', '２', '方形', 'パルス', '波', 'の', '各', '部', 'の', '名称']","['各', '部']",YES,各部,NO,NO
172,各部,。で、母親と一緒にすごすご帰る一年ぺの根性をたたきなおそうとして、何度か各部の連中が集まり、怒鳴りつけたわけ。けっしてなぐりはしなかった。それを一年生,"['。', 'で', '、', '母親', 'と', '一緒に', 'すごすご', '帰る', '一', '年', 'ぺ', 'の', '根性', 'を', 'たたきなおそう', 'と', 'して', '、', '何度', 'か', '各', '部', 'の', '連中', 'が', '集まり', '、', '怒鳴り', 'つけた', 'わけ', '。', 'けっして', 'なぐり', 'は', 'し', 'なかった', '。', 'それ', 'を', '一', '年生']","['各', '部']",YES,各部,NO,NO
173,各部,学術の成果を国民に還元するための活動として、主催講演会等を開催している。また、このほか各部や研究連絡委員会等が中心になり、学・協会との連携の下に、各種の学術上の問題,"['学術', 'の', '成果', 'を', '国民', 'に', '還元', 'する', 'ため', 'の', '活動', 'と', 'して', '、', '主催', '講演', '会', '等', 'を', '開催', 'して', 'いる', '。', 'また', '、', 'この', 'ほか', '各', '部', 'や', '研究', '連絡', '委員', '会', '等', 'が', '中心', 'に', 'なり', '、', '学', '・', '協会', 'と', 'の', '連携', 'の', '下', 'に', '、', '各種の', '学術', '上', 'の', '問題']","['各', '部']",YES,各部,NO,NO
174,各部,状態のことを指しています。この「トップ」の時点で、その他すべての各部がリリースのための準備を終了していなければなりません。遠くへ飛ばそうとする,"['状態', 'の', 'こと', 'を', '指して', 'い', 'ます', '。', 'この', '「', 'トップ', '」', 'の', '時点', 'で', '、', 'その他', 'すべて', 'の', '各', '部', 'が', 'リリース', 'の', 'ため', 'の', '準備', 'を', '終了', 'して', 'い', 'なければ', 'なり', 'ませ', 'ん', '。', '遠く', 'へ', '飛ばそう', 'と', 'する']","['各', '部']",YES,各部,NO,NO
175,各部,がある。彼は巨大な図体を持ち黒い千貫の重量を持つ彼の身体の各部はことごとく測定されてあり彼の導管と車輪と無数のねじとは隈なく磨かれてある,"['が', 'ある', '。', '彼', 'は', '巨大な', '図体', 'を', '持ち', '黒い', '千', '貫', 'の', '重量', 'を', '持つ', '彼', 'の', '身体', 'の', '各', '部', 'は', 'ことごとく', '測定', 'さ', 'れて', 'あり', '彼', 'の', '導管', 'と', '車輪', 'と', '無数の', 'ねじ', 'と', 'は', '隈なく', '磨か', 'れて', 'ある']","['各', '部']",YES,各部,NO,NO
176,各部,もらわないと、企業としてはペイしないということになる。そこで以前、私は各部の部長を全員呼んで、「なんとか８を９にできないか。全部員が８時間,"['もらわ', 'ない', 'と', '、', '企業', 'と', 'して', 'は', 'ペイ', 'し', 'ない', 'と', 'いう', 'こと', 'に', 'なる', '。', 'そこ', 'で', '以前', '、', '私', 'は', '各', '部', 'の', '部長', 'を', '全員', '呼んで', '、', '「', 'なんとか', '８', 'を', '９', 'に', 'でき', 'ない', 'か', '。', '全部', '員', 'が', '８', '時間']","['各', '部']",YES,各部,NO,NO
177,各部,高めた人事としました。三つ目に、部次長ポストについては、従来、各部に専任次長が配置されていましたが、課長兼務の次長配置で済む部については,"['高めた', '人事', 'と', 'し', 'ました', '。', '三', 'つ', '目', 'に', '、', '部', '次長', 'ポスト', 'に', 'ついて', 'は', '、', '従来', '、', '各', '部', 'に', '専任', '次長', 'が', '配置', 'さ', 'れて', 'い', 'ました', 'が', '、', '課長', '兼務', 'の', '次長', '配置', 'で', '済む', '部', 'に', 'ついて', 'は']","['各', '部']",YES,各部,NO,NO
178,各部,ご自身自ら、アタマでご自身の体をバラバラに分け縛り付けて居られるから、体の各部は益々酷き有り様と鳴りて居るのぞ。日本が世界のヒナ型申すは,"['ご', '自身', '自ら', '、', 'アタマ', 'で', 'ご', '自身', 'の', '体', 'を', 'バラバラに', '分け', '縛り', '付けて', '居ら', 'れる', 'から', '、', '体', 'の', '各', '部', 'は', '益々', '酷き', '有り様', 'と', '鳴り', 'て', '居る', 'の', 'ぞ', '。', '日本', 'が', '世界', 'の', 'ヒナ', '型', '申す', 'は']","['各', '部']",YES,各部,NO,NO
179,各部,の写真を、隼子は社内報で発見した。先週である。新年度になった四月はじめ、各部の新入社員が紹介されていた。自分が大勢の中のひとりになってしまう都会,"['の', '写真', 'を', '、', '隼', '子', 'は', '社内報', 'で', '発見', 'した', '。', '先週', 'である', '。', '新', '年度', 'に', 'なった', '四', '月', 'はじめ', '、', '各', '部', 'の', '新入', '社員', 'が', '紹介', 'さ', 'れて', 'いた', '。', '自分', 'が', '大勢', 'の', '中', 'の', 'ひと', 'り', 'に', 'なって', 'しまう', '都会']","['各', '部']",YES,各部,NO,NO
180,各部,建国匆々の国家としてよりよき行政的効果を挙げるためには分散主義より集中主義を可とし、一旦各部から総務庁へ提示される行政事項が同庁各機関に依って再検討され、国務院会議を通じて再び各部に放射され実行,"['建国', '匆々', 'の', '国家', 'と', 'して', 'より', 'よき', '行政', '的', '効果', 'を', '挙げる', 'ため', 'に', 'は', '分散', '主義', 'より', '集中', '主義', 'を', '可', 'と', 'し', '、', '一旦', '各', '部', 'から', '総務', '庁', 'へ', '提示', 'さ', 'れる', '行政', '事項', 'が', '同', '庁', '各', '機関', 'に', '依って', '再', '検討', 'さ', 'れ', '、', '国務院', '会議', 'を', '通じて', '再び', '各', '部', 'に', '放射', 'さ', 'れ', '実行']","['各', '部']",YES,各部,NO,NO
181,各部,建国匆々の国家としてよりよき行政的効果を挙げるためには分散主義より集中主義を可とし、一旦各部から総務庁へ提示される行政事項が同庁各機関に依って再検討され、国務院会議を通じて再び各部に放射され実行,"['建国', '匆々', 'の', '国家', 'と', 'して', 'より', 'よき', '行政', '的', '効果', 'を', '挙げる', 'ため', 'に', 'は', '分散', '主義', 'より', '集中', '主義', 'を', '可', 'と', 'し', '、', '一旦', '各', '部', 'から', '総務', '庁', 'へ', '提示', 'さ', 'れる', '行政', '事項', 'が', '同', '庁', '各', '機関', 'に', '依って', '再', '検討', 'さ', 'れ', '、', '国務院', '会議', 'を', '通じて', '再び', '各', '部', 'に', '放射', 'さ', 'れ', '実行']","['各', '部']",YES,各部,NO,NO
182,各部,は貧困の代名詞的存在であった。３、ソバの形態と生育の特徴（１）各部の形態と特徴図２‐３はソバの形態を示したものである。草丈,"['は', '貧困', 'の', '代名詞', '的', '存在', 'であった', '。', '３', '、', 'ソバ', 'の', '形態', 'と', '生育', 'の', '特徴', '（', '１', '）', '各', '部', 'の', '形態', 'と', '特徴', '図', '２', '‐', '３', 'は', 'ソバ', 'の', '形態', 'を', '示した', 'もの', 'である', '。', '草', '丈']","['各', '部']",YES,各部,NO,NO
183,各部,た物質）は、粒子から離れて血液やリンパ液の流れにのって、からだの各部に移動して、それぞれの場所でなんらかの作用を及ぼすことも考えられる。心配,"['た', '物質', '）', 'は', '、', '粒子', 'から', '離れて', '血液', 'や', 'リンパ', '液', 'の', '流れ', 'に', 'のって', '、', 'からだ', 'の', '各', '部', 'に', '移動', 'して', '、', 'それぞれ', 'の', '場所', 'で', 'なんらか', 'の', '作用', 'を', '及ぼす', 'こと', 'も', '考え', 'られる', '。', '心配']","['各', '部']",YES,各部,NO,NO
184,各部,の下端からのぞくことができ、必殺仕掛人が一発刺せるところとしても知られています。脳幹の各部の名称とその由来視床：視神経が通る床。英語ではタラムス、その語源は,"['の', '下端', 'から', 'のぞく', 'こと', 'が', 'でき', '、', '必殺', '仕掛', '人', 'が', '一', '発', '刺せる', 'ところ', 'と', 'して', 'も', '知ら', 'れて', 'い', 'ます', '。', '脳幹', 'の', '各', '部', 'の', '名称', 'と', 'その', '由来', '視', '床', '：', '視', '神経', 'が', '通る', '床', '。', '英語', 'で', 'は', 'タラムス', '、', 'その', '語源', 'は']","['各', '部']",YES,各部,NO,NO
185,各部,市長の政策的予算と、義務的経費（人件費、扶助費、公債費）を除いた予算額を事前に各部に配分し、担当部署の考えを尊重して予算編成を行いました。■一般会計は十三％の,"['市長', 'の', '政策', '的', '予算', 'と', '、', '義務', '的', '経費', '（', '人件', '費', '、', '扶助', '費', '、', '公債', '費', '）', 'を', '除いた', '予算', '額', 'を', '事前', 'に', '各', '部', 'に', '配分', 'し', '、', '担当', '部署', 'の', '考え', 'を', '尊重', 'して', '予算', '編成', 'を', '行い', 'ました', '。', '■', '一般', '会計', 'は', '十三', '％', 'の']","['各', '部']",YES,各部,NO,NO
186,各部,画面の説明Ｗｉｎｄｏｗｓ九十八の操作において重要な，Ｗｉｎｄｏｗｓ九十八画面の各部の名称とその働きについて説明する。日々のＷｉｎｄｏｗｓ九十八の操作で必ず使うもの,"['画面', 'の', '説明', 'Ｗｉｎｄｏｗｓ', '九十八', 'の', '操作', 'に', 'おいて', '重要な', '，', 'Ｗｉｎｄｏｗｓ', '九十八', '画面', 'の', '各', '部', 'の', '名称', 'と', 'その', '働き', 'に', 'ついて', '説明', 'する', '。', '日々', 'の', 'Ｗｉｎｄｏｗｓ', '九十八', 'の', '操作', 'で', '必ず', '使う', 'もの']","['各', '部']",YES,各部,NO,NO
187,各部,。認証工場であり技術力は高い’八十一ＦＬＨ￥百六十五万ほぼフル・ノーマルのフォルムを維持しつつ、各部にしっかりとメンテを施し、安心して乗れる１台。きれいなブルーのカラーリングが印象的だ,"['。', '認証', '工場', 'であり', '技術', '力', 'は', '高い', '’', '八十一', 'ＦＬＨ', '￥', '百六十五万', 'ほぼ', 'フル', '・', 'ノーマル', 'の', 'フォルム', 'を', '維持', 'し', 'つつ', '、', '各', '部', 'に', 'しっかり', 'と', 'メンテ', 'を', '施し', '、', '安心', 'して', '乗れる', '１', '台', '。', 'きれいな', 'ブルー', 'の', 'カラーリング', 'が', '印象', '的だ']","['各', '部']",YES,各部,NO,NO
188,各部,（原書では、第一部一〜二百九頁、第二部二百十〜三百頁、第三部三百〜三百六十頁）、物語の舞台としては各部にそれぞれ南ア、ニース、南アが割り当てられている。しかし、三部構成といっても頁数を見れば,"['（', '原書', 'で', 'は', '、', '第', '一部', '一', '〜', '二百九', '頁', '、', '第', '二', '部', '二百十', '〜', '三百', '頁', '、', '第', '三', '部', '三百', '〜', '三百六十', '頁', '）', '、', '物語', 'の', '舞台', 'と', 'して', 'は', '各', '部', 'に', 'それぞれ', '南ア', '、', 'ニース', '、', '南ア', 'が', '割り当て', 'られて', 'いる', '。', 'しかし', '、', '三', '部', '構成', 'と', 'いって', 'も', '頁', '数', 'を', '見れば']","['各', '部']",YES,各部,NO,NO
189,各部,整理部に送る。４整理部では、編集各部から上がってきた原稿を客観評価し、各部にとらわれない独自の判断で見出しを付け、最終的な紙面作りを行う。５校閲部,"['整理', '部', 'に', '送る', '。', '４', '整理', '部', 'で', 'は', '、', '編集', '各', '部', 'から', '上がって', 'きた', '原稿', 'を', '客観', '評価', 'し', '、', '各', '部', 'に', 'とらわれ', 'ない', '独自の', '判断', 'で', '見出し', 'を', '付け', '、', '最終', '的な', '紙面', '作り', 'を', '行う', '。', '５', '校閲', '部']","['各', '部']",YES,各部,NO,NO
190,各部,整理部に送る。４整理部では、編集各部から上がってきた原稿を客観評価し、各部にとらわれない独自の判断で見出しを付け、最終的な紙面作りを行う。５校閲部,"['整理', '部', 'に', '送る', '。', '４', '整理', '部', 'で', 'は', '、', '編集', '各', '部', 'から', '上がって', 'きた', '原稿', 'を', '客観', '評価', 'し', '、', '各', '部', 'に', 'とらわれ', 'ない', '独自の', '判断', 'で', '見出し', 'を', '付け', '、', '最終', '的な', '紙面', '作り', 'を', '行う', '。', '５', '校閲', '部']","['各', '部']",YES,各部,NO,NO
191,各部,．９）．この分類方法は，純粋に形態学的なものでしたが，脳の各部の機能が明らかにされるにつれ，大脳皮質の機能的な区分けともよく一致することがわかり,"['．', '９', '）', '．', 'この', '分類', '方法', 'は', '，', '純粋に', '形態', '学', '的な', 'もの', 'でした', 'が', '，', '脳', 'の', '各', '部', 'の', '機能', 'が', '明らかに', 'さ', 'れる', 'に', 'つれ', '，', '大脳', '皮質', 'の', '機能', '的な', '区分け', 'と', 'も', 'よく', '一致', 'する', 'こと', 'が', 'わかり']","['各', '部']",YES,各部,NO,NO
192,各部,手を引っ込める反応を起こすのに使われる。このように脊髄は、体の各部で起こった出来事について、感覚ニューロンの軸索を伝導してきたインパルスから知り、それに的確,"['手', 'を', '引っ込める', '反応', 'を', '起こす', 'の', 'に', '使わ', 'れる', '。', 'このように', '脊髄', 'は', '、', '体', 'の', '各', '部', 'で', '起こった', '出来事', 'に', 'ついて', '、', '感覚', 'ニューロン', 'の', '軸索', 'を', '伝導', 'して', 'きた', 'インパルス', 'から', '知り', '、', 'それ', 'に', '的確']","['各', '部']",YES,各部,NO,NO
193,各部,が詳しく説明をしてくれる。第二次世界大戦中に海に沈んだ米軍戦闘機は、プロペラ、比翼など各部がそのままの形をとどめているし、全長百二十ｍの沈船スエヒロ丸は、いまでは魚,"['が', '詳しく', '説明', 'を', 'して', 'くれる', '。', '第', '二', '次', '世界', '大戦', '中', 'に', '海', 'に', '沈んだ', '米軍', '戦闘', '機', 'は', '、', 'プロペラ', '、', '比', '翼', 'など', '各', '部', 'が', 'そのまま', 'の', '形', 'を', 'とどめて', 'いる', 'し', '、', '全長', '百二十', 'ｍ', 'の', '沈船', 'スエヒロ', '丸', 'は', '、', 'いまでは', '魚']","['各', '部']",YES,各部,NO,NO
194,各部,農林水産省といたしましては、昭和六十年に東北農業試験場にヤマセ対策研究官というのを設置いたしまして、各部の間の連携をとって試験研究を進めるようにしたわけでございますが、,"['農林', '水産', '省', 'と', 'いたし', 'まして', 'は', '、', '昭和', '六十', '年', 'に', '東北', '農業', '試験', '場', 'に', 'ヤマセ', '対策', '研究', '官', 'と', 'いう', 'の', 'を', '設置', 'いたし', 'まして', '、', '各', '部', 'の', '間', 'の', '連携', 'を', 'とって', '試験', '研究', 'を', '進める', 'ように', 'した', 'わけで', 'ございます', 'が', '、']","['各', '部']",YES,各部,NO,NO
195,各部,を表したものである。両国語において、目立って句例の多い項目の順位は、各部の下位のほうで多少の変動は見られるものの、やはり共通して出揃っているという特徴,"['を', '表した', 'もの', 'である', '。', '両', '国語', 'に', 'おいて', '、', '目立って', '句', '例', 'の', '多い', '項目', 'の', '順位', 'は', '、', '各', '部', 'の', '下位', 'の', 'ほう', 'で', '多少', 'の', '変動', 'は', '見', 'られる', 'もの', 'の', '、', 'やはり', '共通', 'して', '出揃って', 'いる', 'と', 'いう', '特徴']","['各', '部']",YES,各部,NO,NO
196,各部,に変化するかを調べた。このような染色法を局所生体染色といい，これによって胚の各部が将来どのような組織や器官に分化するかという予定運命が明らかにされた。,"['に', '変化', 'する', 'か', 'を', '調べた', '。', 'このような', '染色', '法', 'を', '局所', '生体', '染色', 'と', 'いい', '，', 'これ', 'に', 'よって', '胚', 'の', '各', '部', 'が', '将来', 'どのような', '組織', 'や', '器官', 'に', '分化', 'する', 'か', 'と', 'いう', '予定', '運命', 'が', '明らかに', 'さ', 'れた', '。']","['各', '部']",YES,各部,NO,NO
197,各部,に方形パルスの各部の名称を示す。図１いろいろなパルス図２方形パルス波の各部の名称図３（ａ）において，スイッチＳをオンにして一定時間後にオフに,"['に', '方形', 'パルス', 'の', '各', '部', 'の', '名称', 'を', '示す', '。', '図', '１', 'いろいろな', 'パルス', '図', '２', '方形', 'パルス', '波', 'の', '各', '部', 'の', '名称', '図', '３', '（', 'ａ', '）', 'に', 'おいて', '，', 'スイッチ', 'Ｓ', 'を', 'オン', 'に', 'して', '一定', '時間', '後', 'に', 'オフ', 'に']","['各', '部']",YES,各部,NO,NO
198,各部,に方形パルスの各部の名称を示す。図１いろいろなパルス図２方形パルス波の各部の名称図３（ａ）において，スイッチＳをオンにして一定時間後にオフに,"['に', '方形', 'パルス', 'の', '各', '部', 'の', '名称', 'を', '示す', '。', '図', '１', 'いろいろな', 'パルス', '図', '２', '方形', 'パルス', '波', 'の', '各', '部', 'の', '名称', '図', '３', '（', 'ａ', '）', 'に', 'おいて', '，', 'スイッチ', 'Ｓ', 'を', 'オン', 'に', 'して', '一定', '時間', '後', 'に', 'オフ', 'に']","['各', '部']",YES,各部,NO,NO
199,各部,ハ必ス之ヲ設ケ」るよう求めたが、それは「畢竟身体ノ各部ヲシテ体質ノ費耗ヲ均一ニシ又随テ其発育ヲ均一ナラシメントスル」ものと意味づけている,"['ハ', '必', 'ス', '之', 'ヲ', '設', 'ケ', '」', 'る', 'よう', '求めた', 'が', '、', 'それ', 'は', '「', '畢竟', '身体', 'ノ', '各', '部', 'ヲシテ', '体質', 'ノ', '費', '耗', 'ヲ', '均一', 'ニシ', '又', '随', 'テ', '其', '発育', 'ヲ', '均一', 'ナラシメントスル', '」', 'もの', 'と', '意味づけて', 'いる']","['各', '部']",YES,各部,NO,NO
200,各部,ます（写真下の抜く方向は間違いです）。決して間違わないように。◆さあ、各部の徒長毛を抜いていこう！背中の一番高い所から、粗目ナイフで徒長毛を抜き始めます。,"['ます', '（', '写真', '下', 'の', '抜く', '方向', 'は', '間違い', 'です', '）', '。', '決して', '間違わ', 'ない', 'ように', '。', '◆', 'さあ', '、', '各', '部', 'の', '徒長', '毛', 'を', '抜いて', 'いこう', '！', '背中', 'の', '一', '番', '高い', '所', 'から', '、', '粗目', 'ナイフ', 'で', '徒長', '毛', 'を', '抜き', '始め', 'ます', '。']","['各', '部']",YES,各部,NO,NO
201,各部,に特筆されるのが、空間の分解であった。彼の絵は、分解された各部が固有の消失点をもち、それらの各部分が継ぎ目なく全体を構成していた。端的,"['に', '特筆', 'さ', 'れる', 'の', 'が', '、', '空間', 'の', '分解', 'であった', '。', '彼', 'の', '絵', 'は', '、', '分解', 'さ', 'れた', '各', '部', 'が', '固有の', '消失', '点', 'を', 'もち', '、', 'それ', 'ら', 'の', '各', '部分', 'が', '継ぎ目', 'なく', '全体', 'を', '構成', 'して', 'いた', '。', '端的']","['各', '部']",YES,各部,NO,NO
202,各部,に特筆されるのが、空間の分解であった。彼の絵は、分解された各部が固有の消失点をもち、それらの各部分が継ぎ目なく全体を構成していた。端的,"['に', '特筆', 'さ', 'れる', 'の', 'が', '、', '空間', 'の', '分解', 'であった', '。', '彼', 'の', '絵', 'は', '、', '分解', 'さ', 'れた', '各', '部', 'が', '固有の', '消失', '点', 'を', 'もち', '、', 'それ', 'ら', 'の', '各', '部分', 'が', '継ぎ目', 'なく', '全体', 'を', '構成', 'して', 'いた', '。', '端的']","['各', '部分']",YES,各部,NO,YES
203,各部,種子から発生した幼根が主根となり多くの分枝根が発生する。図２‐４は各部の名称である。図２‐３ソバの形態図２‐４ソバの各部,"['種子', 'から', '発生', 'した', '幼', '根', 'が', '主根', 'と', 'なり', '多く', 'の', '分', '枝', '根', 'が', '発生', 'する', '。', '図', '２', '‐', '４', 'は', '各', '部', 'の', '名称', 'である', '。', '図', '２', '‐', '３', 'ソバ', 'の', '形態', '図', '２', '‐', '４', 'ソバ', 'の', '各', '部']","['各', '部']",YES,各部,NO,NO
204,各部,種子から発生した幼根が主根となり多くの分枝根が発生する。図２‐４は各部の名称である。図２‐３ソバの形態図２‐４ソバの各部,"['種子', 'から', '発生', 'した', '幼', '根', 'が', '主根', 'と', 'なり', '多く', 'の', '分', '枝', '根', 'が', '発生', 'する', '。', '図', '２', '‐', '４', 'は', '各', '部', 'の', '名称', 'である', '。', '図', '２', '‐', '３', 'ソバ', 'の', '形態', '図', '２', '‐', '４', 'ソバ', 'の', '各', '部']","['各', '部']",YES,各部,NO,NO
205,各部,など、それぞれの特性を比較できる基本的な指針になることは言うまでもない。ちなみに、各部のなかで高い類似率を占めているものを順に示すと、大体、次の通り,"['など', '、', 'それぞれ', 'の', '特性', 'を', '比較', 'できる', '基本', '的な', '指針', 'に', 'なる', 'こと', 'は', '言う', 'まで', 'も', 'ない', '。', 'ちなみに', '、', '各', '部', 'の', 'なか', 'で', '高い', '類似', '率', 'を', '占めて', 'いる', 'もの', 'を', '順に', '示す', 'と', '、', '大体', '、', '次の', '通り']","['各', '部']",YES,各部,NO,NO
206,各部,体の方々にゆきわたっている．このことから軸索の働きは神経系の命令を体の各部に伝え，これらを調節・支配している．現在では神経を伝わる信号は電気的なもの,"['体', 'の', '方々', 'に', 'ゆき', 'わたって', 'いる', '．', 'この', 'こと', 'から', '軸索', 'の', '働き', 'は', '神経', '系', 'の', '命令', 'を', '体', 'の', '各', '部', 'に', '伝え', '，', 'これ', 'ら', 'を', '調節', '・', '支配', 'して', 'いる', '．', '現在', 'で', 'は', '神経', 'を', '伝わる', '信号', 'は', '電気', '的な', 'もの']","['各', '部']",YES,各部,NO,NO
207,各部,所ではないでしょうか。輸送途中でチェーンケースなどが凹むなど考えられますので、梱包前に、各部の写真を撮っておくことも重要です。,"['所', 'で', 'は', 'ない', 'でしょう', 'か', '。', '輸送', '途中', 'で', 'チェーン', 'ケース', 'など', 'が', '凹む', 'など', '考え', 'られ', 'ます', 'ので', '、', '梱包', '前', 'に', '、', '各', '部', 'の', '写真', 'を', '撮って', 'おく', 'こと', 'も', '重要です', '。']","['各', '部']",YES,各部,NO,NO
208,各部,活躍すること間違いなしだ。キャロムショットＣＡＲＯＭバーチャルスチールモデルガンＳＡＡシビリアン２ｎｄモデル価格：￥四万五千クラフトアップル製コルトＳＡＡをベースに、主に質感にこだわって各部を徹底的に改修したカスタムガン。５段階の研摩で完全な平面出しを行った後に十五時間,"['活躍', 'する', 'こと', '間違い', 'なし', 'だ', '。', 'キャロムショット', 'ＣＡＲＯＭ', 'バーチャルスチールモデルガン', 'ＳＡＡ', 'シビリアン', '２', 'ｎｄ', 'モデル', '価格', '：￥', '四万五千', 'クラフトアップル', '製', 'コルト', 'ＳＡＡ', 'を', 'ベース', 'に', '、', '主に', '質感', 'に', 'こだわって', '各', '部', 'を', '徹底', '的に', '改修', 'した', 'カスタムガン', '。', '５', '段階', 'の', '研摩', 'で', '完全な', '平面', '出し', 'を', '行った', '後', 'に', '十五', '時間']","['各', '部']",YES,各部,NO,NO
209,各部,、自転車は初体験だったそうたが、たしかにウェッジシェイプのライトユニットをはじめエッジの効いた各部のディテールは、彼らしいといえば彼らしい。しかし、このころからデコチャリのマーケット,"['、', '自転車', 'は', '初', '体験', 'だった', 'そう', 'たが', '、', 'たしかに', 'ウェッジシェイプ', 'の', 'ライトユニット', 'を', 'はじめ', 'エッジ', 'の', '効いた', '各', '部', 'の', 'ディテール', 'は', '、', '彼', 'らしい', 'と', 'いえば', '彼', 'らしい', '。', 'しかし', '、', 'この', 'ころ', 'から', 'デコチャリ', 'の', 'マーケット']","['各', '部']",YES,各部,NO,NO
210,各部,と称して一定額を各課に分配し、これを各課次席が裏帳簿で管理する。一方、各部は、筆頭課に残った金から自分の部で使う裏金を「部費」として取り,"['と', '称して', '一定', '額', 'を', '各', '課', 'に', '分配', 'し', '、', 'これ', 'を', '各', '課', '次', '席', 'が', '裏', '帳簿', 'で', '管理', 'する', '。', '一方', '、', '各', '部', 'は', '、', '筆頭', '課', 'に', '残った', '金', 'から', '自分', 'の', '部', 'で', '使う', '裏金', 'を', '「', '部', '費', '」', 'と', 'して', '取り']","['各', '部']",YES,各部,NO,NO
211,各部,場合には，地役権は，その各部のために（要役地の場合），またはその各部の上に（承役地の場合）存在する（二百八十二条２項）。ⅲ取得時効の特則,"['場合', 'に', 'は', '，', '地役権', 'は', '，', 'その', '各', '部', 'の', 'ため', 'に', '（', '要', '役', '地', 'の', '場合', '）', '，', 'または', 'その', '各', '部', 'の', '上', 'に', '（', '承役地', 'の', '場合', '）', '存在', 'する', '（', '二百八十二', '条', '２', '項', '）', '。', 'ⅲ', '取得', '時効', 'の', '特則']","['各', '部']",YES,各部,NO,NO
212,各部,場合には，地役権は，その各部のために（要役地の場合），またはその各部の上に（承役地の場合）存在する（二百八十二条２項）。ⅲ取得時効の特則,"['場合', 'に', 'は', '，', '地役権', 'は', '，', 'その', '各', '部', 'の', 'ため', 'に', '（', '要', '役', '地', 'の', '場合', '）', '，', 'または', 'その', '各', '部', 'の', '上', 'に', '（', '承役地', 'の', '場合', '）', '存在', 'する', '（', '二百八十二', '条', '２', '項', '）', '。', 'ⅲ', '取得', '時効', 'の', '特則']","['各', '部']",YES,各部,NO,NO
213,各部,十九アイコンアプリケーションを実行するときにクリックする絵ボタン。４ウィンドウの操作ウィンドウの各部の名前を覚えたら，実際にマウスで操作してみよう。ここでは，マイコンピュータのウィンドウ,"['十九', 'アイコンアプリケーション', 'を', '実行', 'する', 'とき', 'に', 'クリック', 'する', '絵', 'ボタン', '。', '４', 'ウィンドウ', 'の', '操作', 'ウィンドウ', 'の', '各', '部', 'の', '名前', 'を', '覚えたら', '，', '実際', 'に', 'マウス', 'で', '操作', 'して', 'みよう', '。', 'ここ', 'で', 'は', '，', 'マイ', 'コンピュータ', 'の', 'ウィンドウ']","['各', '部']",YES,各部,NO,NO
214,各部,と人差し指）で抜くフィンガー＆サムワークと、ナイフを使用して抜く方法があります。体の各部、どういう順番で抜いてゆけばいいのか？基本的には、順番に決まり,"['と', '人差し指', '）', 'で', '抜く', 'フィンガー', '＆', 'サムワーク', 'と', '、', 'ナイフ', 'を', '使用', 'して', '抜く', '方法', 'が', 'あり', 'ます', '。', '体', 'の', '各', '部', '、', 'どういう', '順番', 'で', '抜いて', 'ゆけば', 'いい', 'の', 'か', '？', '基本', '的に', 'は', '、', '順番', 'に', '決まり']","['各', '部']",YES,各部,NO,NO
215,各部,電気抵抗をはかってもよい。３電圧計の＋端子の導線の先を移動させて導電紙の各部にふれ，負極側から正極側に向かってしだいに電位が上昇しているようすを観察する。４,"['電気', '抵抗', 'を', 'はかって', 'も', 'よい', '。', '３', '電圧', '計', 'の', '＋', '端子', 'の', '導線', 'の', '先', 'を', '移動', 'さ', 'せて', '導電', '紙', 'の', '各', '部', 'に', 'ふれ', '，', '負', '極', '側', 'から', '正', '極', '側', 'に', '向かって', 'しだいに', '電位', 'が', '上昇', 'して', 'いる', 'ようす', 'を', '観察', 'する', '。', '４']","['各', '部']",YES,各部,NO,NO
216,各部,（＞）ボタンをクリックする。いいね〜っ。ＳＢ６Ｒ！ビデオではＳＢ６Ｒの各部を紹介して、走行シーンを見せてくれる。このビデオのナレーションと風景はドイツかな？,"['（', '＞', '）', 'ボタン', 'を', 'クリック', 'する', '。', 'いいね', '〜', 'っ', '。', 'ＳＢ', '６', 'Ｒ', '！', 'ビデオ', 'で', 'は', 'ＳＢ', '６', 'Ｒ', 'の', '各', '部', 'を', '紹介', 'して', '、', '走行', 'シーン', 'を', '見せて', 'くれる', '。', 'この', 'ビデオ', 'の', 'ナレーション', 'と', '風景', 'は', 'ドイツ', 'かな', '？']","['各', '部']",YES,各部,NO,NO
217,各部,だ記事の内容はこうだ。道警ぐるみの捜査用報償費不正支出疑惑をめぐり、道警本部の刑事部など各部で、カラ出張や報償費などで裏金をねん出し、一部を総務部に「上納」していた疑いが,"['だ', '記事', 'の', '内容', 'は', 'こう', 'だ', '。', '道警', 'ぐるみ', 'の', '捜査', '用', '報償', '費', '不正', '支出', '疑惑', 'を', 'めぐり', '、', '道警', '本部', 'の', '刑事', '部', 'など', '各', '部', 'で', '、', 'カラ', '出張', 'や', '報償', '費', 'など', 'で', '裏金', 'を', 'ねん出', 'し', '、', '一部', 'を', '総務', '部', 'に', '「', '上納', '」', 'して', 'いた', '疑い', 'が']","['各', '部']",YES,各部,NO,NO
